27, 125, pa2-debug-d-output1.txt
  203.96,   208.75,   202.95
  405.80,   405.64,   200.32
   97.28,    86.69,    98.36
  100.23,    84.86,   223.31
  103.19,    83.04,   348.26
   94.18,   211.63,   100.25
   97.14,   209.81,   225.21
  100.09,   207.98,   350.16
   91.08,   336.58,   102.15
   94.04,   334.76,   227.10
   96.99,   332.93,   352.06
  222.20,    89.83,    95.45
  225.16,    88.00,   220.40
  228.11,    86.18,   345.35
  219.11,   214.77,    97.35
  222.06,   212.95,   222.30
  225.02,   211.12,   347.25
  216.01,   339.72,    99.24
  218.97,   337.90,   224.20
  221.92,   336.07,   349.15
  347.13,    92.97,    92.54
  350.09,    91.14,   217.49
  353.04,    89.32,   342.44
  344.03,   217.92,    94.44
  346.99,   216.09,   219.39
  349.94,   214.26,   344.34
  340.94,   342.86,    96.33
  343.89,   341.04,   221.29
  346.85,   339.21,   346.24
  103.83,   106.02,   226.27
  102.11,   108.70,   351.23
  100.39,   111.38,   476.19
  101.20,   230.97,   223.55
   99.49,   233.64,   348.51
   97.77,   236.32,   473.47
   98.58,   355.91,   220.84
   96.86,   358.59,   345.80
   95.15,   361.26,   470.76
  228.79,   108.68,   227.93
  227.07,   111.36,   352.89
  225.35,   114.04,   477.85
  226.17,   233.63,   225.21
  224.45,   236.30,   350.17
  222.73,   238.98,   475.13
  223.54,   358.57,   222.50
  221.82,   361.25,   347.46
  220.11,   363.93,   472.42
  353.75,   111.35,   229.59
  352.03,   114.02,   354.55
  350.32,   116.70,   479.51
  351.13,   236.29,   226.88
  349.41,   238.97,   351.84
  347.69,   241.64,   476.79
  348.50,   361.23,   224.16
  346.78,   363.91,   349.12
  345.07,   366.59,   474.08
   88.82,    95.83,   349.49
   86.41,    97.85,   474.45
   84.00,    99.86,   599.41
   87.16,   220.80,   347.44
   84.75,   222.82,   472.40
   82.35,   224.84,   597.36
   85.50,   345.77,   345.39
   83.09,   347.79,   470.35
   80.69,   349.81,   595.31
  213.79,    97.53,   351.87
  211.38,    99.54,   476.84
  208.97,   101.56,   601.80
  212.13,   222.50,   349.82
  209.72,   224.52,   474.79
  207.31,   226.53,   599.75
  210.47,   347.47,   347.77
  208.06,   349.49,   472.74
  205.65,   351.51,   597.70
  338.75,    99.22,   354.26
  336.34,   101.24,   479.22
  333.94,   103.26,   604.18
  337.09,   224.20,   352.21
  334.69,   226.21,   477.17
  332.28,   228.23,   602.13
  335.43,   349.17,   350.16
  333.03,   351.19,   475.12
  330.62,   353.20,   600.08
   98.40,   108.74,   476.55
   96.55,   104.50,   601.47
   94.70,   100.26,   726.38
   95.62,   233.64,   480.75
   93.77,   229.40,   605.66
   91.92,   225.16,   730.58
   92.83,   358.54,   484.95
   90.98,   354.30,   609.86
   89.13,   350.06,   734.78
  223.36,   111.46,   478.50
  221.51,   107.22,   603.41
  219.66,   102.98,   728.32
  220.57,   236.36,   482.69
  218.72,   232.12,   607.61
  216.87,   227.88,   732.52
  217.79,   361.26,   486.89
  215.94,   357.02,   611.80
  214.09,   352.78,   736.72
  348.31,   114.18,   480.44
  346.46,   109.94,   605.35
  344.61,   105.70,   730.27
  345.53,   239.08,   484.64
  343.68,   234.84,   609.55
  341.83,   230.60,   734.47
  342.75,   363.98,   488.83
  340.89,   359.74,   613.75
  339.04,   355.50,   738.66
  108.49,   106.62,   601.78
  110.02,   104.58,   726.75
  111.55,   102.54,   851.73
  106.24,   231.58,   603.84
  107.76,   229.54,   728.82
  109.29,   227.50,   853.79
  103.98,   356.54,   605.91
  105.51,   354.50,   730.88
  107.04,   352.47,   855.86
  233.46,   108.90,   600.29
  234.99,   106.86,   725.26
  236.52,   104.82,   850.23
  231.21,   233.86,   602.35
  232.73,   231.82,   727.33
  234.26,   229.78,   852.30
  228.95,   358.82,   604.42
  230.48,   356.78,   729.39
  232.01,   354.74,   854.37
  358.43,   111.18,   598.79
  359.96,   109.14,   723.77
  361.49,   107.10,   848.74
  356.18,   236.14,   600.86
  357.70,   234.10,   725.84
  359.23,   232.06,   850.81
  353.92,   361.10,   602.93
  355.45,   359.06,   727.90
  356.98,   357.02,   852.88
  100.98,   219.21,   100.44
  102.34,   223.19,   225.37
  103.71,   227.17,   350.30
  103.07,   344.13,    96.44
  104.44,   348.11,   221.37
  105.80,   352.09,   346.30
  105.16,   469.05,    92.44
  106.53,   473.03,   217.36
  107.90,   477.01,   342.29
  225.95,   217.08,    99.14
  227.32,   221.06,   224.07
  228.69,   225.04,   349.00
  228.04,   342.00,    95.14
  229.41,   345.98,   220.06
  230.78,   349.96,   344.99
  230.13,   466.92,    91.13
  231.50,   470.90,   216.06
  232.87,   474.88,   340.99
  350.93,   214.95,    97.84
  352.29,   218.93,   222.77
  353.66,   222.90,   347.69
  353.02,   339.86,    93.83
  354.39,   343.84,   218.76
  355.75,   347.82,   343.69
  355.11,   464.78,    89.83
  356.48,   468.76,   214.76
  357.85,   472.74,   339.69
   91.31,   235.75,   227.57
   92.64,   236.36,   352.56
   93.97,   236.96,   477.56
   91.27,   360.75,   226.97
   92.59,   361.36,   351.96
   93.92,   361.96,   476.95
   91.22,   485.75,   226.36
   92.55,   486.36,   351.35
   93.88,   486.96,   476.34
  216.31,   235.79,   226.24
  217.63,   236.40,   351.23
  218.96,   237.01,   476.23
  216.26,   360.79,   225.64
  217.59,   361.40,   350.63
  218.92,   362.00,   475.62
  216.21,   485.79,   225.03
  217.54,   486.40,   350.02
  218.87,   487.00,   475.01
  341.30,   235.83,   224.91
  342.63,   236.44,   349.90
  343.96,   237.05,   474.90
  341.25,   360.83,   224.31
  342.58,   361.44,   349.30
  343.91,   362.04,   474.29
  341.20,   485.83,   223.70
  342.53,   486.44,   348.69
  343.86,   487.04,   473.68
  102.98,   236.03,   354.16
  101.21,   234.27,   479.13
   99.44,   232.51,   604.11
  102.65,   361.02,   355.92
  100.88,   359.25,   480.89
   99.10,   357.49,   605.87
  102.32,   486.00,   357.67
  100.54,   484.24,   482.65
   98.77,   482.48,   607.62
  227.97,   236.34,   355.94
  226.20,   234.58,   480.91
  224.42,   232.81,   605.89
  227.64,   361.32,   357.69
  225.86,   359.56,   482.67
  224.09,   357.80,   607.64
  227.30,   486.31,   359.45
  225.53,   484.55,   484.43
  223.76,   482.79,   609.40
  352.96,   236.64,   357.72
  351.18,   234.88,   482.69
  349.41,   233.12,   607.67
  352.62,   361.63,   359.47
  350.85,   359.87,   484.45
  349.08,   358.11,   609.42
  352.29,   486.62,   361.23
  350.52,   484.86,   486.20
  348.74,   483.10,   611.18
   90.97,   215.87,   470.44
   88.69,   216.22,   595.42
   86.41,   216.56,   720.40
   93.34,   340.85,   470.14
   91.06,   341.19,   595.12
   88.78,   341.54,   720.10
   95.71,   465.83,   469.84
   93.43,   466.17,   594.82
   91.15,   466.51,   719.80
  215.93,   213.51,   472.73
  213.65,   213.85,   597.71
  211.37,   214.20,   722.69
  218.30,   338.48,   472.43
  216.02,   338.83,   597.41
  213.74,   339.17,   722.38
  220.67,   463.46,   472.13
  218.39,   463.81,   597.10
  216.11,   464.15,   722.08
  340.88,   211.14,   475.01
  338.60,   211.49,   599.99
  336.32,   211.83,   724.97
  343.25,   336.12,   474.71
  340.97,   336.46,   599.69
  338.69,   336.81,   724.67
  345.62,   461.10,   474.41
  343.34,   461.44,   599.39
  341.06,   461.79,   724.37
  109.72,   226.93,   602.10
  111.59,   227.80,   727.08
  113.46,   228.66,   852.06
  111.40,   351.92,   601.21
  113.27,   352.78,   726.19
  115.14,   353.65,   851.18
  113.07,   476.90,   600.32
  114.95,   477.77,   725.30
  116.82,   478.63,   850.29
  234.69,   225.24,   600.24
  236.56,   226.10,   725.22
  238.43,   226.97,   850.21
  236.37,   350.23,   599.35
  238.24,   351.09,   724.33
  240.11,   351.95,   849.32
  238.05,   475.21,   598.46
  239.92,   476.08,   723.45
  241.79,   476.94,   848.43
  359.67,   223.55,   598.38
  361.54,   224.41,   723.36
  363.41,   225.28,   848.35
  361.34,   348.53,   597.49
  363.22,   349.40,   722.47
  365.09,   350.26,   847.46
  363.02,   473.52,   596.60
  364.89,   474.38,   721.59
  366.77,   475.25,   846.57
   93.50,   365.06,   103.46
   96.85,   363.90,   228.41
  100.19,   362.74,   353.36
   90.73,   490.02,   104.70
   94.07,   488.86,   229.65
   97.41,   487.70,   354.60
   87.95,   614.98,   105.93
   91.29,   613.82,   230.88
   94.63,   612.67,   355.83
  218.43,   367.86,   100.15
  221.77,   366.71,   225.10
  225.11,   365.55,   350.05
  215.65,   492.83,   101.38
  218.99,   491.67,   226.33
  222.33,   490.51,   351.28
  212.88,   617.79,   102.61
  216.22,   616.63,   227.56
  219.56,   615.47,   352.51
  343.35,   370.67,    96.83
  346.69,   369.51,   221.78
  350.04,   368.36,   346.73
  340.58,   495.64,    98.07
  343.92,   494.48,   223.02
  347.26,   493.32,   347.97
  337.80,   620.60,    99.30
  341.14,   619.44,   224.25
  344.48,   618.28,   349.20
  103.19,   351.24,   224.94
  104.34,   350.40,   349.93
  105.48,   349.57,   474.93
  105.46,   476.22,   225.76
  106.60,   475.38,   350.75
  107.75,   474.54,   475.74
  107.72,   601.19,   226.57
  108.87,   600.36,   351.57
  110.01,   599.52,   476.56
  228.17,   348.98,   223.78
  229.31,   348.15,   348.77
  230.46,   347.31,   473.77
  230.43,   473.96,   224.60
  231.58,   473.12,   349.59
  232.72,   472.29,   474.58
  232.70,   598.94,   225.41
  233.84,   598.10,   350.41
  234.99,   597.26,   475.40
  353.14,   346.73,   222.62
  354.29,   345.89,   347.61
  355.43,   345.05,   472.61
  355.41,   471.70,   223.44
  356.55,   470.87,   348.43
  357.70,   470.03,   473.42
  357.67,   596.68,   224.25
  358.82,   595.84,   349.25
  359.96,   595.01,   474.24
   99.65,   353.56,   350.22
   97.46,   356.21,   475.17
   95.27,   358.86,   600.13
   97.40,   478.51,   347.53
   95.22,   481.16,   472.48
   93.03,   483.81,   597.44
   95.16,   603.46,   344.84
   92.98,   606.11,   469.79
   90.79,   608.76,   594.75
  224.61,   355.84,   352.36
  222.42,   358.49,   477.31
  220.23,   361.14,   602.26
  222.37,   480.79,   349.67
  220.18,   483.44,   474.62
  217.99,   486.10,   599.57
  220.12,   605.75,   346.98
  217.94,   608.40,   471.93
  215.75,   611.05,   596.88
  349.57,   358.13,   354.50
  347.38,   360.78,   479.45
  345.19,   363.43,   604.40
  347.33,   483.08,   351.81
  345.14,   485.73,   476.76
  342.95,   488.38,   601.71
  345.08,   608.03,   349.12
  342.90,   610.68,   474.07
  340.71,   613.33,   599.02
  111.86,   342.21,   473.45
  111.85,   341.79,   598.45
  111.83,   341.37,   723.45
  108.50,   467.17,   473.87
  108.49,   466.75,   598.87
  108.47,   466.32,   723.87
  105.14,   592.12,   474.30
  105.12,   591.70,   599.30
  105.11,   591.28,   724.30
  236.81,   345.58,   473.48
  236.80,   345.15,   598.48
  236.79,   344.73,   723.47
  233.45,   470.53,   473.90
  233.44,   470.11,   598.90
  233.43,   469.68,   723.90
  230.09,   595.48,   474.32
  230.08,   595.06,   599.32
  230.07,   594.64,   724.32
  361.77,   348.94,   473.50
  361.76,   348.51,   598.50
  361.74,   348.09,   723.50
  358.41,   473.89,   473.92
  358.40,   473.47,   598.92
  358.38,   473.04,   723.92
  355.05,   598.84,   474.34
  355.03,   598.42,   599.34
  355.02,   598.00,   724.34
   93.01,   340.76,   597.05
   90.27,   341.48,   722.02
   87.53,   342.20,   846.99
   95.37,   465.74,   596.38
   92.62,   466.46,   721.35
   89.88,   467.18,   846.32
   97.72,   590.72,   595.72
   94.98,   591.43,   720.69
   92.24,   592.15,   845.65
  217.96,   338.43,   599.80
  215.22,   339.14,   724.77
  212.48,   339.86,   849.74
  220.31,   463.40,   599.14
  217.57,   464.12,   724.11
  214.83,   464.84,   849.07
  222.67,   588.38,   598.47
  219.93,   589.10,   723.44
  217.18,   589.81,   848.41
  342.91,   336.09,   602.56
  340.17,   336.81,   727.53
  337.43,   337.52,   852.49
  345.26,   461.06,   601.89
  342.52,   461.78,   726.86
  339.78,   462.50,   851.83
  347.62,   586.04,   601.23
  344.87,   586.76,   726.20
  342.13,   587.47,   851.16
   94.65,   467.79,    99.23
   96.87,   465.52,   224.19
   99.08,   463.24,   349.15
   92.25,   592.75,   101.55
   94.47,   590.47,   226.51
   96.68,   588.20,   351.47
   89.85,   717.71,   103.87
   92.07,   715.43,   228.83
   94.28,   713.15,   353.79
  219.61,   470.23,    97.06
  221.82,   467.96,   222.02
  224.04,   465.68,   346.98
  217.21,   595.19,    99.38
  219.42,   592.91,   224.34
  221.64,   590.64,   349.30
  214.81,   720.15,   101.70
  217.02,   717.87,   226.66
  219.24,   715.59,   351.62
  344.57,   472.67,    94.89
  346.78,   470.40,   219.85
  348.99,   468.12,   344.81
  342.17,   597.63,    97.21
  344.38,   595.35,   222.17
  346.59,   593.08,   347.13
  339.77,   722.58,    99.53
  341.98,   720.31,   224.49
  344.20,   718.03,   349.45
   88.45,   472.38,   221.39
   90.54,   474.98,   346.34
   92.62,   477.59,   471.30
   84.61,   597.29,   218.84
   86.70,   599.90,   343.80
   88.78,   602.51,   468.75
   80.77,   722.21,   216.30
   82.86,   724.81,   341.25
   84.94,   727.42,   466.21
  213.38,   476.17,   219.23
  215.46,   478.78,   344.18
  217.54,   481.39,   469.14
  209.54,   601.09,   216.68
  211.62,   603.69,   341.64
  213.71,   606.30,   466.59
  205.70,   726.00,   214.14
  207.78,   728.61,   339.09
  209.87,   731.22,   464.05
  338.30,   479.97,   217.06
  340.38,   482.58,   342.02
  342.47,   485.18,   466.97
  334.46,   604.88,   214.52
  336.55,   607.49,   339.47
  338.63,   610.10,   464.43
  330.62,   729.80,   211.97
  332.71,   732.41,   336.93
  334.79,   735.01,   461.89
   96.63,   464.11,   346.54
   98.08,   463.88,   471.53
   99.52,   463.64,   596.52
  101.17,   589.03,   346.72
  102.62,   588.79,   471.71
  104.06,   588.56,   596.70
  105.71,   713.94,   346.90
  107.15,   713.71,   471.89
  108.60,   713.48,   596.88
  221.54,   459.57,   345.09
  222.99,   459.34,   470.08
  224.43,   459.11,   595.07
  226.08,   584.49,   345.26
  227.52,   584.26,   470.26
  228.97,   584.03,   595.25
  230.62,   709.41,   345.44
  232.06,   709.18,   470.44
  233.51,   708.94,   595.43
  346.45,   455.04,   343.63
  347.90,   454.80,   468.62
  349.34,   454.57,   593.61
  350.99,   579.95,   343.81
  352.43,   579.72,   468.80
  353.88,   579.49,   593.79
  355.53,   704.87,   343.99
  356.97,   704.64,   468.98
  358.42,   704.41,   593.97
   97.83,   481.57,   478.98
  100.15,   481.35,   603.96
  102.47,   481.14,   728.94
   96.39,   606.56,   479.22
   98.71,   606.34,   604.20
  101.03,   606.13,   729.18
   94.95,   731.55,   479.46
   97.27,   731.34,   604.44
   99.59,   731.12,   729.42
  222.80,   483.01,   476.66
  225.12,   482.80,   601.64
  227.44,   482.58,   726.62
  221.36,   608.00,   476.91
  223.68,   607.79,   601.88
  226.00,   607.57,   726.86
  219.92,   732.99,   477.15
  222.24,   732.78,   602.12
  224.56,   732.57,   727.10
  347.77,   484.45,   474.35
  350.09,   484.24,   599.33
  352.41,   484.03,   724.31
  346.33,   609.45,   474.59
  348.65,   609.23,   599.57
  350.97,   609.02,   724.55
  344.89,   734.44,   474.83
  347.21,   734.22,   599.81
  349.53,   734.01,   724.79
  110.64,   472.28,   600.13
  107.76,   475.31,   725.06
  104.87,   478.34,   849.99
  110.39,   597.24,   597.09
  107.50,   600.27,   722.02
  104.61,   603.30,   846.95
  110.13,   722.21,   594.06
  107.24,   725.23,   718.99
  104.36,   728.26,   843.92
  235.61,   472.61,   603.01
  232.72,   475.64,   727.94
  229.84,   478.66,   852.87
  235.35,   597.57,   599.97
  232.47,   600.60,   724.90
  229.58,   603.63,   849.83
  235.10,   722.53,   596.94
  232.21,   725.56,   721.87
  229.32,   728.59,   846.80
  360.58,   472.93,   605.89
  357.69,   475.96,   730.82
  354.80,   478.99,   855.75
  360.32,   597.90,   602.85
  357.43,   600.93,   727.78
  354.55,   603.95,   852.71
  360.06,   722.86,   599.82
  357.18,   725.89,   724.75
  354.29,   728.92,   849.68
   92.09,   609.23,   102.35
   93.60,   605.01,   227.26
   95.10,   600.79,   352.18
   91.79,   734.16,   106.57
   93.30,   729.94,   231.49
   94.81,   725.72,   356.41
   91.50,   859.09,   110.80
   93.00,   854.87,   235.72
   94.51,   850.64,   360.64
  217.08,   609.58,   100.85
  218.59,   605.36,   225.77
  220.09,   601.13,   350.69
  216.78,   734.51,   105.07
  218.29,   730.28,   229.99
  219.80,   726.06,   354.91
  216.49,   859.44,   109.30
  217.99,   855.21,   234.22
  219.50,   850.99,   359.14
  342.07,   609.93,    99.35
  343.58,   605.70,   224.27
  345.09,   601.48,   349.19
  341.77,   734.85,   103.58
  343.28,   730.63,   228.50
  344.79,   726.41,   353.42
  341.48,   859.78,   107.80
  342.99,   855.56,   232.72
  344.49,   851.34,   357.64
  100.19,   593.43,   220.35
   97.17,   590.83,   345.28
   94.15,   588.22,   470.22
   97.82,   718.38,   222.89
   94.80,   715.78,   347.83
   91.78,   713.18,   472.77
   95.45,   843.33,   225.44
   92.43,   840.73,   350.37
   89.41,   838.13,   475.31
  225.13,   595.73,   223.41
  222.11,   593.13,   348.35
  219.10,   590.53,   473.29
  222.76,   720.69,   225.96
  219.74,   718.08,   350.89
  216.73,   715.48,   475.83
  220.39,   845.64,   228.50
  217.37,   843.04,   353.44
  214.36,   840.43,   478.38
  350.07,   598.04,   226.48
  347.05,   595.44,   351.42
  344.04,   592.84,   476.35
  347.70,   722.99,   229.02
  344.68,   720.39,   353.96
  341.67,   717.79,   478.90
  345.33,   847.95,   231.57
  342.31,   845.34,   356.51
  339.30,   842.74,   481.44
   96.74,   611.15,   356.60
   98.43,   612.90,   481.58
  100.13,   614.65,   606.55
   98.82,   736.12,   354.82
  100.51,   737.87,   479.80
  102.20,   739.62,   604.78
  100.89,   861.10,   353.05
  102.59,   862.84,   478.02
  104.28,   864.59,   603.00
  221.71,   609.05,   354.93
  223.40,   610.80,   479.91
  225.10,   612.55,   604.89
  223.79,   734.02,   353.16
  225.48,   735.77,   478.13
  227.18,   737.52,   603.11
  225.86,   858.99,   351.38
  227.56,   860.74,   476.36
  229.25,   862.49,   601.33
  346.68,   606.95,   353.27
  348.37,   608.70,   478.25
  350.07,   610.45,   603.22
  348.76,   731.92,   351.49
  350.45,   733.67,   476.47
  352.15,   735.42,   601.45
  350.84,   856.89,   349.72
  352.53,   858.64,   474.69
  354.22,   860.39,   599.67
  103.81,   592.63,   473.66
  106.35,   590.83,   598.62
  108.89,   589.04,   723.58
  107.88,   717.55,   475.37
  110.42,   715.76,   600.33
  112.95,   713.96,   725.29
  111.94,   842.48,   477.09
  114.48,   840.68,   602.05
  117.02,   838.88,   727.01
  228.72,   588.60,   471.06
  231.26,   586.80,   596.02
  233.80,   585.01,   720.98
  232.79,   713.53,   472.78
  235.32,   711.73,   597.74
  237.86,   709.93,   722.70
  236.85,   838.45,   474.49
  239.39,   836.65,   599.45
  241.93,   834.85,   724.42
  353.63,   584.57,   468.47
  356.17,   582.78,   593.43
  358.70,   580.98,   718.39
  357.69,   709.50,   470.18
  360.23,   707.70,   595.14
  362.77,   705.90,   720.11
  361.76,   834.42,   471.90
  364.30,   832.62,   596.86
  366.83,   830.82,   721.82
  107.56,   591.38,   595.31
  109.40,   588.91,   720.27
  111.24,   586.44,   845.23
  111.33,   716.30,   597.72
  113.17,   713.83,   722.68
  115.01,   711.36,   847.65
  115.09,   841.22,   600.13
  116.93,   838.75,   725.10
  118.77,   836.28,   850.06
  232.49,   587.66,   593.39
  234.33,   585.19,   718.36
  236.17,   582.72,   843.32
  236.26,   712.58,   595.81
  238.10,   710.11,   720.77
  239.94,   707.64,   845.73
  240.02,   837.50,   598.22
  241.86,   835.03,   723.18
  243.70,   832.56,   848.15
  357.42,   583.93,   591.48
  359.26,   581.46,   716.44
  361.10,   578.99,   841.40
  361.19,   708.85,   593.89
  363.03,   706.38,   718.86
  364.87,   703.91,   843.82
  364.95,   833.77,   596.31
  366.79,   831.30,   721.27
  368.63,   828.83,   846.23
  239.66,   104.18,   103.14
  237.62,   107.53,   228.08
  235.58,   110.88,   353.02
  241.59,   229.12,    99.82
  239.55,   232.47,   224.76
  237.51,   235.82,   349.70
  243.53,   354.06,    96.50
  241.49,   357.41,   221.44
  239.45,   360.77,   346.37
  364.63,   102.30,   105.23
  362.59,   105.65,   230.17
  360.54,   109.00,   355.11
  366.56,   227.24,   101.91
  364.52,   230.59,   226.85
  362.48,   233.94,   351.79
  368.50,   352.18,    98.59
  366.46,   355.53,   223.53
  364.41,   358.89,   348.47
  489.60,   100.42,   107.33
  487.55,   103.77,   232.26
  485.51,   107.12,   357.20
  491.53,   225.36,   104.01
  489.49,   228.71,   228.94
  487.45,   232.06,   353.88
  493.47,   350.30,   100.68
  491.42,   353.65,   225.62
  489.38,   357.01,   350.56
  214.99,   101.05,   221.88
  214.09,   103.82,   346.85
  213.19,   106.60,   471.81
  212.30,   225.98,   219.09
  211.40,   228.76,   344.05
  210.50,   231.54,   469.02
  209.60,   350.92,   216.29
  208.70,   353.70,   341.26
  207.81,   356.48,   466.22
  339.96,   103.76,   222.72
  339.06,   106.54,   347.69
  338.16,   109.31,   472.65
  337.26,   228.70,   219.92
  336.37,   231.48,   344.89
  335.47,   234.25,   469.86
  334.57,   353.64,   217.13
  333.67,   356.42,   342.09
  332.77,   359.19,   467.06
  464.92,   106.47,   223.56
  464.03,   109.25,   348.52
  463.13,   112.03,   473.49
  462.23,   231.41,   220.76
  461.33,   234.19,   345.73
  460.44,   236.97,   470.69
  459.54,   356.35,   217.96
  458.64,   359.13,   342.93
  457.74,   361.91,   467.90
  214.95,   102.38,   349.43
  218.87,   102.84,   474.37
  222.79,   103.31,   599.31
  216.44,   227.37,   348.92
  220.36,   227.83,   473.86
  224.28,   228.30,   598.79
  217.92,   352.36,   348.41
  221.84,   352.82,   473.34
  225.76,   353.29,   598.28
  339.88,   100.88,   345.52
  343.80,   101.34,   470.46
  347.72,   101.81,   595.39
  341.37,   225.87,   345.01
  345.29,   226.33,   469.94
  349.21,   226.80,   594.88
  342.85,   350.86,   344.49
  346.77,   351.32,   469.43
  350.69,   351.79,   594.37
  464.81,    99.38,   341.60
  468.73,    99.84,   466.54
  472.65,   100.31,   591.48
  466.30,   224.37,   341.09
  470.22,   224.83,   466.03
  474.14,   225.30,   590.97
  467.78,   349.36,   340.58
  471.70,   349.82,   465.52
  475.62,   350.29,   590.46
  229.51,   101.68,   474.83
  230.17,   104.40,   599.80
  230.83,   107.11,   724.77
  230.56,   226.65,   472.12
  231.22,   229.36,   597.08
  231.88,   232.07,   722.05
  231.61,   351.61,   469.40
  232.28,   354.33,   594.37
  232.94,   357.04,   719.33
  354.50,   100.62,   474.20
  355.16,   103.33,   599.16
  355.83,   106.04,   724.13
  355.56,   225.58,   471.48
  356.22,   228.29,   596.45
  356.88,   231.01,   721.41
  356.61,   350.55,   468.76
  357.27,   353.26,   593.73
  357.93,   355.97,   718.70
  479.50,    99.55,   473.56
  480.16,   102.26,   598.53
  480.82,   104.98,   723.49
  480.55,   224.52,   470.84
  481.21,   227.23,   595.81
  481.87,   229.94,   720.78
  481.60,   349.48,   468.12
  482.26,   352.19,   593.09
  482.92,   354.91,   718.06
  230.05,   105.33,   600.83
  232.73,   107.04,   725.79
  235.41,   108.75,   850.75
  230.98,   230.31,   599.10
  233.66,   232.02,   724.06
  236.34,   233.74,   849.02
  231.91,   355.29,   597.37
  234.59,   357.01,   722.33
  237.27,   358.72,   847.28
  355.02,   104.36,   598.17
  357.70,   106.07,   723.13
  360.38,   107.79,   848.09
  355.95,   229.35,   596.43
  358.63,   231.06,   721.39
  361.31,   232.77,   846.35
  356.88,   354.33,   594.70
  359.56,   356.04,   719.66
  362.23,   357.76,   844.62
  479.99,   103.40,   595.50
  482.67,   105.11,   720.46
  485.35,   106.82,   845.42
  480.92,   228.38,   593.77
  483.60,   230.09,   718.73
  486.27,   231.81,   843.69
  481.85,   353.37,   592.04
  484.52,   355.08,   716.99
  487.20,   356.79,   841.95
  237.70,   227.08,   101.88
  234.18,   225.11,   226.81
  230.67,   223.14,   351.75
  237.49,   352.07,   103.84
  233.97,   350.10,   228.78
  230.46,   348.13,   353.71
  237.27,   477.05,   105.81
  233.76,   475.08,   230.74
  230.24,   473.11,   355.68
  362.65,   227.24,   105.40
  359.13,   225.27,   230.33
  355.62,   223.30,   355.27
  362.44,   352.23,   107.36
  358.92,   350.26,   232.30
  355.41,   348.29,   357.23
  362.22,   477.21,   109.33
  358.71,   475.24,   234.26
  355.19,   473.27,   359.20
  487.60,   227.40,   108.91
  484.09,   225.43,   233.85
  480.57,   223.46,   358.78
  487.39,   352.38,   110.88
  483.87,   350.41,   235.81
  480.36,   348.44,   360.75
  487.17,   477.37,   112.84
  483.66,   475.40,   237.78
  480.14,   473.43,   362.71
  212.64,   232.05,   223.42
  210.88,   229.28,   348.38
  209.13,   226.52,   473.33
  208.60,   356.95,   226.12
  206.84,   354.19,   351.08
  205.08,   351.43,   476.04
  204.55,   481.86,   228.83
  202.80,   479.09,   353.78
  201.04,   476.33,   478.74
  337.56,   236.05,   225.26
  335.80,   233.29,   350.22
  334.05,   230.52,   475.18
  333.52,   360.95,   227.97
  331.76,   358.19,   352.93
  330.01,   355.43,   477.88
  329.48,   485.86,   230.67
  327.72,   483.10,   355.63
  325.96,   480.34,   480.59
  462.48,   240.05,   227.11
  460.73,   237.29,   352.07
  458.97,   234.53,   477.02
  458.44,   364.96,   229.81
  456.68,   362.20,   354.77
  454.93,   359.43,   479.73
  454.40,   489.86,   232.52
  452.64,   487.10,   357.47
  450.89,   484.34,   482.43
  229.06,   233.53,   351.43
  227.09,   231.20,   476.40
  225.12,   228.86,   601.36
  230.93,   358.50,   353.80
  228.96,   356.16,   478.76
  226.99,   353.83,   603.72
  232.80,   483.46,   356.16
  230.83,   481.13,   481.13
  228.86,   478.79,   606.09
  354.03,   231.63,   353.37
  352.06,   229.29,   478.33
  350.09,   226.96,   603.30
  355.90,   356.59,   355.74
  353.93,   354.26,   480.70
  351.96,   351.92,   605.66
  357.77,   481.55,   358.10
  355.80,   479.22,   483.06
  353.83,   476.88,   608.03
  479.00,   229.72,   355.31
  477.03,   227.39,   480.27
  475.06,   225.05,   605.23
  480.87,   354.68,   357.67
  478.90,   352.35,   482.63
  476.93,   350.01,   607.60
  482.74,   479.65,   360.04
  480.77,   477.31,   485.00
  478.80,   474.98,   609.96
  226.50,   226.74,   476.85
  222.88,   228.96,   601.78
  219.27,   231.17,   726.70
  228.32,   351.71,   474.69
  224.71,   353.92,   599.62
  221.09,   356.14,   724.54
  230.15,   476.68,   472.53
  226.53,   478.89,   597.45
  222.92,   481.10,   722.38
  351.43,   224.98,   480.49
  347.82,   227.20,   605.42
  344.20,   229.41,   730.35
  353.26,   349.95,   478.33
  349.64,   352.16,   603.26
  346.03,   354.38,   728.19
  355.08,   474.92,   476.17
  351.46,   477.13,   601.10
  347.85,   479.34,   726.03
  476.37,   223.22,   484.14
  472.75,   225.44,   609.07
  469.14,   227.65,   734.00
  478.19,   348.19,   481.98
  474.58,   350.40,   606.91
  470.96,   352.62,   731.84
  480.01,   473.16,   479.82
  476.40,   475.37,   604.75
  472.78,   477.58,   729.68
  227.55,   224.97,   600.09
  226.08,   224.78,   725.08
  224.61,   224.58,   850.07
  231.59,   349.91,   600.33
  230.12,   349.71,   725.32
  228.65,   349.52,   850.31
  235.63,   474.84,   600.57
  234.16,   474.65,   725.57
  232.69,   474.45,   850.56
  352.47,   220.93,   601.55
  351.00,   220.73,   726.54
  349.53,   220.54,   851.53
  356.51,   345.86,   601.79
  355.05,   345.67,   726.79
  353.58,   345.47,   851.78
  360.56,   470.80,   602.04
  359.09,   470.60,   727.03
  357.62,   470.41,   852.02
  477.40,   216.88,   603.01
  475.93,   216.69,   728.00
  474.46,   216.49,   853.00
  481.44,   341.82,   603.26
  479.97,   341.62,   728.25
  478.50,   341.43,   853.24
  485.48,   466.75,   603.50
  484.01,   466.56,   728.49
  482.55,   466.36,   853.48
  221.61,   359.27,   100.51
  222.90,   358.66,   225.51
  224.19,   358.05,   350.50
  222.46,   484.26,   101.11
  223.75,   483.66,   226.11
  225.04,   483.05,   351.10
  223.31,   609.26,   101.71
  224.60,   608.65,   226.70
  225.89,   608.04,   351.70
  346.60,   358.42,    99.22
  347.89,   357.82,   224.21
  349.19,   357.21,   349.20
  347.45,   483.42,    99.82
  348.74,   482.81,   224.81
  350.04,   482.20,   349.80
  348.30,   608.42,   100.42
  349.59,   607.81,   225.41
  350.89,   607.20,   350.40
  471.59,   357.58,    97.92
  472.88,   356.97,   222.91
  474.18,   356.36,   347.90
  472.44,   482.58,    98.52
  473.73,   481.97,   223.51
  475.03,   481.36,   348.50
  473.29,   607.57,    99.12
  474.58,   606.96,   224.11
  475.88,   606.36,   349.10
  232.51,   340.66,   223.06
  234.27,   345.16,   347.97
  236.03,   349.66,   472.88
  229.38,   465.54,   218.61
  231.13,   470.04,   343.51
  232.89,   474.54,   468.42
  226.24,   590.42,   214.15
  228.00,   594.92,   339.06
  229.76,   599.42,   463.97
  357.46,   343.73,   221.19
  359.22,   348.23,   346.10
  360.98,   352.73,   471.00
  354.32,   468.61,   216.74
  356.08,   473.11,   341.64
  357.84,   477.61,   466.55
  351.19,   593.49,   212.28
  352.95,   597.99,   337.19
  354.71,   602.49,   462.10
  482.41,   346.80,   219.32
  484.17,   351.30,   344.23
  485.93,   355.80,   469.13
  479.27,   471.68,   214.87
  481.03,   476.18,   339.77
  482.79,   480.68,   464.68
  476.14,   596.56,   210.41
  477.90,   601.06,   335.32
  479.65,   605.56,   460.23
  230.45,   350.21,   351.78
  230.51,   347.13,   476.74
  230.56,   344.06,   601.70
  228.15,   475.15,   354.85
  228.21,   472.07,   479.81
  228.27,   469.00,   604.78
  225.86,   600.09,   357.93
  225.91,   597.01,   482.89
  225.97,   593.94,   607.85
  355.43,   352.50,   351.78
  355.48,   349.43,   476.74
  355.54,   346.35,   601.70
  353.13,   477.44,   354.85
  353.19,   474.37,   479.82
  353.24,   471.29,   604.78
  350.84,   602.39,   357.93
  350.89,   599.31,   482.89
  350.95,   596.24,   607.85
  480.41,   354.80,   351.78
  480.46,   351.73,   476.74
  480.52,   348.65,   601.70
  478.11,   479.74,   354.85
  478.17,   476.67,   479.82
  478.22,   473.59,   604.78
  475.82,   604.68,   357.93
  475.87,   601.61,   482.89
  475.93,   598.53,   607.85
  226.39,   344.58,   472.45
  222.93,   342.11,   597.38
  219.46,   339.63,   722.31
  223.84,   469.53,   474.86
  220.37,   467.06,   599.79
  216.91,   464.58,   724.72
  221.28,   594.48,   477.27
  217.82,   592.01,   602.19
  214.35,   589.53,   727.12
  351.32,   347.07,   475.97
  347.85,   344.59,   600.90
  344.39,   342.12,   725.82
  348.76,   472.02,   478.37
  345.30,   469.55,   603.30
  341.83,   467.07,   728.23
  346.21,   596.97,   480.78
  342.74,   594.50,   605.71
  339.28,   592.02,   730.64
  476.24,   349.56,   479.48
  472.78,   347.08,   604.41
  469.32,   344.61,   729.34
  473.69,   474.51,   481.89
  470.22,   472.03,   606.82
  466.76,   469.56,   731.74
  471.13,   599.46,   484.30
  467.67,   596.98,   609.22
  464.20,   594.51,   734.15
  216.53,   344.39,   594.82
  217.70,   344.81,   719.82
  218.87,   345.24,   844.81
  215.21,   469.38,   594.41
  216.38,   469.81,   719.40
  217.54,   470.23,   844.40
  213.88,   594.37,   593.99
  215.05,   594.80,   718.99
  216.22,   595.23,   843.98
  341.52,   345.71,   593.65
  342.69,   346.13,   718.64
  343.86,   346.56,   843.64
  340.19,   470.70,   593.23
  341.36,   471.13,   718.23
  342.53,   471.55,   843.22
  338.87,   595.69,   592.82
  340.04,   596.12,   717.81
  341.21,   596.55,   842.81
  466.51,   347.03,   592.48
  467.68,   347.46,   717.47
  468.85,   347.88,   842.46
  465.18,   472.02,   592.06
  466.35,   472.45,   717.05
  467.52,   472.88,   842.05
  463.85,   597.01,   591.64
  465.02,   597.44,   716.64
  466.19,   597.87,   841.63
  226.85,   465.17,    96.68
  222.87,   468.57,   221.57
  218.89,   471.97,   346.46
  226.50,   590.13,    93.27
  222.52,   593.53,   218.16
  218.54,   596.93,   343.05
  226.14,   715.08,    89.85
  222.16,   718.48,   214.74
  218.18,   721.88,   339.63
  351.79,   465.64,   100.65
  347.81,   469.03,   225.54
  343.83,   472.43,   350.43
  351.43,   590.59,    97.24
  347.45,   593.99,   222.13
  343.47,   597.39,   347.02
  351.08,   715.54,    93.82
  347.10,   718.94,   218.71
  343.12,   722.34,   343.60
  476.72,   466.10,   104.62
  472.74,   469.50,   229.51
  468.76,   472.90,   354.40
  476.37,   591.05,   101.20
  472.39,   594.45,   226.10
  468.41,   597.85,   350.99
  476.02,   716.00,    97.79
  472.04,   719.40,   222.68
  468.06,   722.80,   347.57
  220.62,   488.09,   229.87
  220.07,   484.53,   354.81
  219.52,   480.96,   479.76
  219.13,   613.03,   233.43
  218.59,   609.47,   358.37
  218.04,   605.90,   483.32
  217.65,   737.97,   236.99
  217.10,   734.41,   361.93
  216.55,   730.84,   486.88
  345.61,   489.56,   230.46
  345.06,   485.99,   355.40
  344.51,   482.43,   480.35
  344.12,   614.50,   234.02
  343.58,   610.93,   358.96
  343.03,   607.37,   483.91
  342.64,   739.44,   237.58
  342.09,   735.87,   362.52
  341.54,   732.31,   487.47
  470.60,   491.03,   231.05
  470.05,   487.46,   355.99
  469.50,   483.89,   480.94
  469.11,   615.97,   234.61
  468.57,   612.40,   359.55
  468.02,   608.83,   484.50
  467.63,   740.91,   238.17
  467.08,   737.34,   363.11
  466.53,   733.77,   488.06
  211.84,   466.69,   345.07
  214.56,   466.67,   470.04
  217.28,   466.66,   595.01
  209.22,   591.66,   345.14
  211.94,   591.65,   470.11
  214.66,   591.63,   595.08
  206.59,   716.63,   345.20
  209.31,   716.62,   470.17
  212.03,   716.61,   595.14
  336.78,   469.31,   342.35
  339.50,   469.30,   467.32
  342.22,   469.28,   592.29
  334.16,   594.28,   342.42
  336.88,   594.27,   467.39
  339.60,   594.26,   592.36
  331.54,   719.25,   342.48
  334.26,   719.24,   467.46
  336.98,   719.23,   592.43
  461.72,   471.93,   339.63
  464.44,   471.92,   464.60
  467.16,   471.91,   589.57
  459.10,   596.90,   339.70
  461.82,   596.89,   464.67
  464.54,   596.88,   589.64
  456.48,   721.88,   339.77
  459.20,   721.86,   464.74
  461.92,   721.85,   589.71
  221.96,   463.69,   468.82
  219.28,   464.60,   593.78
  216.60,   465.51,   718.75
  221.67,   588.69,   467.90
  219.00,   589.60,   592.87
  216.32,   590.51,   717.84
  221.39,   713.69,   466.99
  218.72,   714.59,   591.95
  216.04,   715.50,   716.92
  346.93,   463.99,   471.49
  344.25,   464.90,   596.46
  341.57,   465.81,   721.43
  346.65,   588.99,   470.58
  343.97,   589.90,   595.54
  341.29,   590.81,   720.51
  346.36,   713.99,   469.66
  343.69,   714.89,   594.63
  341.01,   715.80,   719.60
  471.90,   464.30,   474.16
  469.22,   465.20,   599.13
  466.55,   466.11,   724.10
  471.62,   589.29,   473.25
  468.94,   590.20,   598.22
  466.26,   591.11,   723.19
  471.33,   714.29,   472.34
  468.66,   715.20,   597.30
  465.98,   716.10,   722.27
  219.23,   473.41,   595.33
  219.19,   472.21,   720.33
  219.14,   471.01,   845.32
  219.15,   598.40,   596.53
  219.10,   597.20,   721.53
  219.05,   596.00,   846.52
  219.06,   723.40,   597.74
  219.01,   722.20,   722.73
  218.97,   720.99,   847.72
  344.23,   473.49,   595.38
  344.19,   472.29,   720.37
  344.14,   471.09,   845.37
  344.15,   598.49,   596.58
  344.10,   597.29,   721.58
  344.05,   596.09,   846.57
  344.06,   723.48,   597.78
  344.01,   722.28,   722.78
  343.97,   721.08,   847.77
  469.23,   473.58,   595.43
  469.19,   472.38,   720.42
  469.14,   471.18,   845.42
  469.15,   598.57,   596.63
  469.10,   597.37,   721.62
  469.05,   596.17,   846.62
  469.06,   723.57,   597.83
  469.01,   722.37,   722.83
  468.97,   721.17,   847.82
  229.45,   611.85,   104.42
  228.41,   607.29,   229.33
  227.38,   602.73,   354.24
  230.93,   736.75,   108.99
  229.90,   732.20,   233.90
  228.86,   727.64,   358.81
  232.41,   861.66,   113.56
  231.38,   857.10,   238.47
  230.34,   852.55,   363.38
  354.44,   610.33,   105.40
  353.40,   605.77,   230.31
  352.36,   601.21,   355.23
  355.92,   735.24,   109.97
  354.88,   730.68,   234.88
  353.84,   726.12,   359.80
  357.40,   860.14,   114.54
  356.36,   855.59,   239.45
  355.33,   851.03,   364.37
  479.42,   608.81,   106.38
  478.39,   604.25,   231.30
  477.35,   599.69,   356.21
  480.91,   733.72,   110.95
  479.87,   729.16,   235.87
  478.83,   724.60,   360.78
  482.39,   858.63,   115.52
  481.35,   854.07,   240.44
  480.31,   849.51,   365.35
  217.15,   610.48,   231.28
  218.20,   611.19,   356.27
  219.25,   611.91,   481.26
  218.77,   735.47,   230.55
  219.82,   736.18,   355.54
  220.87,   736.89,   480.54
  220.39,   860.45,   229.82
  221.44,   861.17,   354.82
  222.49,   861.88,   479.81
  342.14,   608.85,   230.24
  343.18,   609.57,   355.23
  344.23,   610.28,   480.22
  343.76,   733.84,   229.51
  344.80,   734.55,   354.50
  345.85,   735.27,   479.50
  345.38,   858.83,   228.78
  346.43,   859.54,   353.78
  347.47,   860.25,   478.77
  467.12,   607.23,   229.20
  468.17,   607.94,   354.19
  469.22,   608.65,   479.18
  468.74,   732.21,   228.47
  469.79,   732.93,   353.46
  470.84,   733.64,   478.46
  470.36,   857.20,   227.74
  471.41,   857.91,   352.74
  472.46,   858.63,   477.73
  235.09,   588.28,   347.50
  234.49,   586.52,   472.49
  233.89,   584.75,   597.48
  236.85,   713.26,   349.28
  236.25,   711.49,   474.27
  235.65,   709.73,   599.25
  238.61,   838.23,   351.05
  238.01,   836.47,   476.04
  237.41,   834.70,   601.03
  360.08,   586.51,   348.08
  359.47,   584.75,   473.07
  358.87,   582.98,   598.05
  361.84,   711.49,   349.85
  361.24,   709.72,   474.84
  360.64,   707.96,   599.83
  363.60,   836.46,   351.63
  363.00,   834.70,   476.62
  362.40,   832.93,   601.60
  485.06,   584.74,   348.66
  484.46,   582.98,   473.64
  483.86,   581.21,   598.63
  486.82,   709.72,   350.43
  486.22,   707.95,   475.42
  485.62,   706.19,   600.40
  488.58,   834.69,   352.20
  487.98,   832.93,   477.19
  487.38,   831.16,   602.18
  226.44,   603.20,   476.19
  222.45,   605.40,   601.11
  218.47,   607.59,   726.03
  223.72,   728.15,   473.91
  219.74,   730.34,   598.83
  215.76,   732.54,   723.74
  221.01,   853.10,   471.63
  217.03,   855.29,   596.55
  213.04,   857.49,   721.46
  351.34,   605.99,   480.12
  347.36,   608.18,   605.04
  343.38,   610.37,   729.96
  348.63,   730.94,   477.84
  344.65,   733.13,   602.76
  340.66,   735.32,   727.68
  345.92,   855.88,   475.56
  341.93,   858.08,   600.48
  337.95,   860.27,   725.40
  476.25,   608.77,   484.06
  472.27,   610.96,   608.97
  468.29,   613.16,   733.89
  473.54,   733.72,   481.77
  469.55,   735.91,   606.69
  465.57,   738.11,   731.61
  470.82,   858.67,   479.49
  466.84,   860.86,   604.41
  462.86,   863.06,   729.33
  219.77,   598.48,   597.21
  222.26,   597.09,   722.17
  224.74,   595.69,   847.14
  221.50,   723.46,   598.57
  223.98,   722.07,   723.54
  226.46,   720.67,   848.50
  223.23,   848.44,   599.93
  225.71,   847.05,   724.90
  228.19,   845.65,   849.86
  344.74,   596.78,   594.70
  347.22,   595.39,   719.67
  349.70,   593.99,   844.64
  346.46,   721.77,   596.07
  348.95,   720.37,   721.03
  351.43,   718.97,   846.00
  348.19,   846.75,   597.43
  350.67,   845.35,   722.40
  353.15,   843.95,   847.36
  469.70,   595.09,   592.20
  472.18,   593.69,   717.17
  474.67,   592.29,   842.14
  471.43,   720.07,   593.57
  473.91,   718.67,   718.53
  476.39,   717.27,   843.50
  473.15,   845.05,   594.93
  475.64,   843.65,   719.90
  478.12,   842.25,   844.86
  340.89,   111.50,    99.37
  344.67,   111.58,   224.31
  348.45,   111.65,   349.25
  338.01,   236.46,    99.38
  341.78,   236.54,   224.32
  345.56,   236.62,   349.26
  335.12,   361.43,    99.38
  338.90,   361.51,   224.33
  342.67,   361.59,   349.27
  465.80,   114.38,    95.59
  469.58,   114.46,   220.53
  473.35,   114.54,   345.48
  462.91,   239.35,    95.60
  466.69,   239.43,   220.54
  470.47,   239.51,   345.48
  460.03,   364.31,    95.61
  463.81,   364.39,   220.55
  467.58,   364.47,   345.49
  590.71,   117.26,    91.81
  594.49,   117.34,   216.76
  598.26,   117.42,   341.70
  587.82,   242.23,    91.82
  591.60,   242.31,   216.76
  595.38,   242.39,   341.71
  584.94,   367.20,    91.83
  588.72,   367.28,   216.77
  592.49,   367.36,   341.71
  343.54,    96.72,   224.68
  342.09,    95.90,   349.67
  340.65,    95.09,   474.66
  343.60,   221.71,   225.49
  342.15,   220.90,   350.48
  340.71,   220.09,   475.47
  343.66,   346.71,   226.31
  342.22,   345.90,   351.30
  340.77,   345.08,   476.29
  468.53,    96.65,   226.13
  467.08,    95.83,   351.12
  465.64,    95.02,   476.10
  468.59,   221.64,   226.94
  467.15,   220.83,   351.93
  465.70,   220.01,   476.92
  468.65,   346.64,   227.76
  467.21,   345.83,   352.75
  465.76,   345.01,   477.73
  593.52,    96.58,   227.57
  592.08,    95.76,   352.56
  590.63,    94.95,   477.55
  593.59,   221.57,   228.39
  592.14,   220.76,   353.38
  590.69,   219.94,   478.37
  593.65,   346.57,   229.20
  592.20,   345.76,   354.19
  590.75,   344.94,   479.18
  342.92,    86.06,   346.01
  346.52,    89.46,   470.91
  350.12,    92.86,   595.81
  344.90,   211.00,   342.55
  348.50,   214.40,   467.45
  352.10,   217.80,   592.36
  346.88,   335.94,   339.10
  350.48,   339.33,   464.00
  354.08,   342.73,   588.90
  467.85,    83.99,   342.46
  471.45,    87.38,   467.37
  475.05,    90.78,   592.27
  469.83,   208.92,   339.01
  473.43,   212.32,   463.91
  477.03,   215.72,   588.81
  471.81,   333.86,   335.55
  475.41,   337.26,   460.46
  479.01,   340.65,   585.36
  592.79,    81.91,   338.92
  596.39,    85.31,   463.82
  599.99,    88.70,   588.72
  594.77,   206.85,   335.46
  598.37,   210.24,   460.37
  601.97,   213.64,   585.27
  596.75,   331.78,   332.01
  600.35,   335.18,   456.91
  603.95,   338.58,   581.81
  343.20,   100.01,   472.73
  346.98,    98.11,   597.66
  350.76,    96.20,   722.59
  343.02,   224.99,   474.64
  346.80,   223.09,   599.57
  350.58,   221.19,   724.50
  342.84,   349.98,   476.55
  346.62,   348.08,   601.48
  350.40,   346.17,   726.41
  468.14,   100.25,   468.95
  471.92,    98.34,   593.88
  475.70,    96.44,   718.81
  467.96,   225.23,   470.86
  471.74,   223.33,   595.79
  475.52,   221.42,   720.72
  467.78,   350.22,   472.77
  471.56,   348.31,   597.70
  475.34,   346.41,   722.63
  593.08,   100.48,   465.18
  596.86,    98.58,   590.10
  600.64,    96.68,   715.03
  592.90,   225.47,   467.09
  596.68,   223.57,   592.01
  600.46,   221.66,   716.94
  592.72,   350.45,   468.99
  596.50,   348.55,   593.92
  600.28,   346.65,   718.85
  356.89,   102.65,   604.11
  358.30,   102.40,   729.10
  359.71,   102.15,   854.10
  359.61,   227.62,   604.33
  361.02,   227.37,   729.32
  362.43,   227.12,   854.32
  362.33,   352.59,   604.55
  363.74,   352.34,   729.54
  365.15,   352.09,   854.54
  481.85,    99.93,   602.70
  483.26,    99.68,   727.69
  484.67,    99.43,   852.68
  484.57,   224.90,   602.92
  485.98,   224.65,   727.91
  487.39,   224.40,   852.90
  487.30,   349.87,   603.14
  488.70,   349.62,   728.13
  490.11,   349.37,   853.12
  606.82,    97.21,   601.28
  608.22,    96.96,   726.28
  609.63,    96.71,   851.27
  609.54,   222.18,   601.50
  610.95,   221.93,   726.50
  612.35,   221.68,   851.49
  612.26,   347.15,   601.72
  613.67,   346.90,   726.72
  615.08,   346.65,   851.71
  338.20,   214.09,    94.07
  336.12,   211.60,   219.03
  334.05,   209.11,   343.99
  340.74,   339.04,    96.60
  338.67,   336.55,   221.56
  336.59,   334.06,   346.52
  343.29,   463.98,    99.14
  341.21,   461.49,   224.09
  339.14,   459.00,   349.05
  463.16,   211.50,    96.10
  461.08,   209.01,   221.05
  459.01,   206.52,   346.01
  465.70,   336.45,    98.63
  463.63,   333.96,   223.59
  461.55,   331.47,   348.54
  468.25,   461.40,   101.16
  466.17,   458.91,   226.12
  464.09,   456.42,   351.08
  588.11,   208.92,    98.12
  586.04,   206.43,   223.08
  583.96,   203.94,   348.04
  590.66,   333.86,   100.65
  588.58,   331.37,   225.61
  586.51,   328.88,   350.57
  593.20,   458.81,   103.18
  591.13,   456.32,   228.14
  589.05,   453.83,   353.10
  342.65,   218.47,   222.57
  342.24,   216.84,   347.56
  341.83,   215.21,   472.55
  343.61,   343.45,   224.20
  343.20,   341.83,   349.19
  342.79,   340.20,   474.18
  344.56,   468.44,   225.83
  344.15,   466.81,   350.82
  343.74,   465.18,   475.81
  467.65,   217.51,   222.97
  467.24,   215.88,   347.96
  466.83,   214.25,   472.94
  468.60,   342.49,   224.60
  468.19,   340.86,   349.59
  467.78,   339.24,   474.58
  469.56,   467.48,   226.23
  469.15,   465.85,   351.22
  468.74,   464.22,   476.21
  592.64,   216.55,   223.36
  592.23,   214.92,   348.35
  591.82,   213.29,   473.34
  593.60,   341.53,   225.00
  593.19,   339.90,   349.99
  592.78,   338.27,   474.97
  594.55,   466.52,   226.63
  594.14,   464.89,   351.62
  593.73,   463.26,   476.61
  352.96,   224.79,   350.59
  353.87,   227.61,   475.56
  354.78,   230.44,   600.52
  356.16,   349.71,   347.74
  357.07,   352.54,   472.71
  357.98,   355.36,   597.67
  359.36,   474.64,   344.90
  360.27,   477.46,   469.86
  361.18,   480.29,   594.83
  477.92,   221.57,   349.75
  478.83,   224.39,   474.72
  479.74,   227.22,   599.68
  481.12,   346.50,   346.91
  482.03,   349.32,   471.87
  482.93,   352.15,   596.84
  484.31,   471.42,   344.06
  485.22,   474.25,   469.02
  486.13,   477.07,   593.99
  602.87,   218.35,   348.92
  603.78,   221.18,   473.88
  604.69,   224.00,   598.85
  606.07,   343.28,   346.07
  606.98,   346.10,   471.04
  607.89,   348.93,   596.00
  609.27,   468.20,   343.22
  610.18,   471.03,   468.19
  611.09,   473.85,   593.15
  344.92,   219.25,   471.99
  347.98,   216.97,   596.93
  351.03,   214.68,   721.87
  345.77,   344.23,   474.25
  348.83,   341.94,   599.20
  351.89,   339.66,   724.14
  346.63,   469.21,   476.52
  349.69,   466.92,   601.46
  352.74,   464.64,   726.40
  469.88,   218.45,   468.92
  472.93,   216.17,   593.86
  475.99,   213.88,   718.80
  470.73,   343.43,   471.18
  473.79,   341.14,   596.12
  476.85,   338.86,   721.06
  471.59,   468.41,   473.45
  474.64,   466.12,   598.39
  477.70,   463.84,   723.33
  594.84,   217.65,   465.84
  597.89,   215.37,   590.79
  600.95,   213.08,   715.73
  595.69,   342.63,   468.11
  598.75,   340.35,   593.05
  601.81,   338.06,   717.99
  596.55,   467.61,   470.37
  599.60,   465.32,   595.32
  602.66,   463.04,   720.26
  358.91,   216.41,   601.83
  357.71,   214.52,   726.81
  356.51,   212.63,   851.79
  361.70,   341.37,   603.74
  360.49,   339.48,   728.72
  359.29,   337.59,   853.70
  364.48,   466.32,   605.66
  363.28,   464.43,   730.64
  362.07,   462.54,   855.62
  483.88,   213.61,   602.99
  482.67,   211.72,   727.97
  481.47,   209.83,   852.95
  486.66,   338.57,   604.90
  485.46,   336.68,   729.88
  484.26,   334.78,   854.86
  489.44,   463.52,   606.82
  488.24,   461.63,   731.80
  487.04,   459.74,   856.78
  608.84,   210.81,   604.15
  607.64,   208.92,   729.13
  606.44,   207.03,   854.11
  611.62,   335.77,   606.06
  610.42,   333.87,   731.04
  609.22,   331.98,   856.02
  614.40,   460.72,   607.98
  613.20,   458.83,   732.96
  612.00,   456.94,   857.94
  339.52,   353.18,    98.01
  340.25,   350.18,   222.97
  340.97,   347.19,   347.94
  340.26,   478.14,   101.00
  340.99,   475.15,   225.96
  341.72,   472.15,   350.93
  341.00,   603.10,   103.99
  341.73,   600.11,   228.95
  342.46,   597.11,   353.92
  464.51,   352.45,    97.27
  465.24,   349.46,   222.23
  465.97,   346.46,   347.19
  465.26,   477.41,   100.26
  465.99,   474.42,   225.22
  466.71,   471.42,   350.18
  466.00,   602.38,   103.25
  466.73,   599.38,   228.21
  467.46,   596.39,   353.17
  589.51,   351.73,    96.52
  590.24,   348.73,   221.48
  590.97,   345.74,   346.44
  590.25,   476.69,    99.51
  590.98,   473.69,   224.47
  591.71,   470.70,   349.43
  591.00,   601.65,   102.50
  591.72,   598.66,   227.46
  592.45,   595.66,   352.42
  340.82,   360.70,   224.07
  341.36,   360.46,   349.06
  341.89,   360.23,   474.06
  340.17,   485.70,   224.30
  340.70,   485.46,   349.30
  341.24,   485.22,   474.30
  339.52,   610.69,   224.54
  340.05,   610.46,   349.54
  340.59,   610.22,   474.54
  465.82,   361.35,   223.53
  466.35,   361.12,   348.53
  466.89,   360.88,   473.53
  465.17,   486.35,   223.77
  465.70,   486.11,   348.77
  466.24,   485.88,   473.77
  464.51,   611.35,   224.01
  465.05,   611.11,   349.01
  465.58,   610.88,   474.01
  590.81,   362.00,   223.00
  591.35,   361.77,   348.00
  591.89,   361.53,   472.99
  590.16,   487.00,   223.24
  590.70,   486.77,   348.23
  591.23,   486.53,   473.23
  589.51,   612.00,   223.47
  590.05,   611.77,   348.47
  590.58,   611.53,   473.47
  339.63,   359.75,   350.67
  342.80,   360.54,   475.63
  345.96,   361.32,   600.58
  337.44,   484.73,   349.94
  340.61,   485.51,   474.89
  343.77,   486.30,   599.85
  335.26,   609.71,   349.21
  338.42,   610.49,   474.16
  341.58,   611.28,   599.12
  464.57,   361.92,   347.49
  467.74,   362.70,   472.45
  470.90,   363.49,   597.41
  462.39,   486.90,   346.76
  465.55,   487.68,   471.72
  468.71,   488.47,   596.68
  460.20,   611.87,   346.03
  463.36,   612.66,   470.99
  466.52,   613.45,   595.94
  589.51,   364.09,   344.32
  592.68,   364.87,   469.28
  595.84,   365.66,   594.23
  587.33,   489.07,   343.59
  590.49,   489.85,   468.54
  593.65,   490.64,   593.50
  585.14,   614.04,   342.85
  588.30,   614.83,   467.81
  591.46,   615.62,   592.77
  345.27,   360.70,   474.87
  348.17,   363.02,   599.81
  351.08,   365.35,   724.76
  344.94,   485.67,   472.55
  347.84,   488.00,   597.50
  350.75,   490.32,   722.44
  344.61,   610.65,   470.23
  347.51,   612.98,   595.18
  350.42,   615.30,   720.12
  470.24,   360.97,   471.96
  473.14,   363.30,   596.90
  476.04,   365.62,   721.85
  469.91,   485.95,   469.64
  472.81,   488.28,   594.59
  475.71,   490.60,   719.53
  469.58,   610.93,   467.32
  472.48,   613.25,   592.27
  475.38,   615.58,   717.21
  595.20,   361.25,   469.05
  598.10,   363.57,   594.00
  601.01,   365.90,   718.94
  594.87,   486.23,   466.73
  597.77,   488.55,   591.68
  600.68,   490.88,   716.62
  594.54,   611.20,   464.42
  597.45,   613.53,   589.36
  600.35,   615.85,   714.30
  346.46,   344.75,   596.78
  344.17,   342.04,   721.73
  341.87,   339.34,   846.68
  346.32,   469.72,   599.49
  344.03,   467.02,   724.44
  341.74,   464.31,   849.39
  346.18,   594.70,   602.19
  343.89,   591.99,   727.14
  341.60,   589.28,   852.09
  471.44,   344.84,   599.08
  469.15,   342.13,   724.02
  466.85,   339.42,   848.97
  471.30,   469.81,   601.78
  469.01,   467.10,   726.73
  466.71,   464.40,   851.68
  471.16,   594.78,   604.49
  468.87,   592.08,   729.44
  466.57,   589.37,   854.39
  596.42,   344.93,   601.37
  594.12,   342.22,   726.32
  591.83,   339.51,   851.27
  596.28,   469.90,   604.08
  593.99,   467.19,   729.03
  591.69,   464.48,   853.98
  596.14,   594.87,   606.78
  593.85,   592.16,   731.73
  591.55,   589.46,   856.68
  358.17,   480.33,   104.59
  360.88,   480.39,   229.56
  363.60,   480.45,   354.53
  353.68,   605.25,   104.62
  356.39,   605.31,   229.59
  359.11,   605.37,   354.56
  349.19,   730.17,   104.66
  351.91,   730.23,   229.63
  354.62,   730.29,   354.60
  483.06,   484.81,   101.87
  485.77,   484.88,   226.84
  488.49,   484.94,   351.81
  478.57,   609.73,   101.91
  481.28,   609.80,   226.88
  484.00,   609.86,   351.85
  474.08,   734.65,   101.94
  476.80,   734.71,   226.91
  479.51,   734.78,   351.88
  607.95,   489.30,    99.16
  610.66,   489.36,   224.13
  613.38,   489.42,   349.10
  603.46,   614.22,    99.19
  606.17,   614.28,   224.16
  608.89,   614.34,   349.13
  598.97,   739.14,    99.23
  601.69,   739.20,   224.20
  604.40,   739.26,   349.17
  350.21,   466.80,   223.55
  350.16,   468.56,   348.54
  350.11,   470.32,   473.52
  351.13,   591.78,   221.79
  351.08,   593.55,   346.77
  351.03,   595.31,   471.76
  352.04,   716.77,   220.03
  352.00,   718.53,   345.01
  351.95,   720.29,   470.00
  475.21,   465.88,   223.61
  475.16,   467.65,   348.60
  475.11,   469.41,   473.58
  476.12,   590.87,   221.85
  476.07,   592.63,   346.83
  476.03,   594.39,   471.82
  477.04,   715.85,   220.09
  476.99,   717.61,   345.07
  476.94,   719.38,   470.06
  600.20,   464.97,   223.67
  600.15,   466.73,   348.66
  600.11,   468.49,   473.64
  601.12,   589.95,   221.91
  601.07,   591.71,   346.89
  601.02,   593.48,   471.88
  602.04,   714.94,   220.15
  601.99,   716.70,   345.13
  601.94,   718.46,   470.12
  347.86,   484.07,   353.62
  348.53,   482.92,   478.62
  349.19,   481.77,   603.61
  349.83,   609.05,   354.76
  350.50,   607.90,   479.75
  351.17,   606.75,   604.75
  351.81,   734.03,   355.90
  352.47,   732.88,   480.89
  353.14,   731.73,   605.88
  472.84,   482.10,   352.94
  473.51,   480.95,   477.93
  474.18,   479.80,   602.92
  474.81,   607.08,   354.08
  475.48,   605.93,   479.07
  476.15,   604.78,   604.06
  476.79,   732.06,   355.21
  477.46,   730.91,   480.21
  478.13,   729.76,   605.20
  597.82,   480.13,   352.25
  598.49,   478.98,   477.24
  599.16,   477.84,   602.24
  599.80,   605.11,   353.39
  600.47,   603.96,   478.38
  601.13,   602.81,   603.37
  601.77,   730.09,   354.53
  602.44,   728.94,   479.52
  603.11,   727.79,   604.51
  363.51,   471.85,   475.96
  358.72,   474.15,   600.85
  353.94,   476.45,   725.73
  361.52,   596.82,   473.58
  356.74,   599.11,   598.47
  351.95,   601.41,   723.36
  359.53,   721.78,   471.21
  354.75,   724.08,   596.10
  349.96,   726.37,   720.98
  488.40,   473.93,   480.70
  483.62,   476.23,   605.59
  478.83,   478.53,   730.48
  486.41,   598.89,   478.33
  481.63,   601.19,   603.22
  476.84,   603.49,   728.10
  484.42,   723.86,   475.95
  479.64,   726.15,   600.84
  474.86,   728.45,   725.73
  613.29,   476.01,   485.45
  608.51,   478.31,   610.34
  603.73,   480.61,   735.22
  611.30,   600.97,   483.07
  606.52,   603.27,   607.96
  601.74,   605.57,   732.85
  609.31,   725.94,   480.70
  604.53,   728.23,   605.59
  599.75,   730.53,   730.47
  364.09,   466.96,   600.19
  365.89,   470.60,   725.13
  367.69,   474.25,   850.06
  364.18,   591.90,   596.55
  365.98,   595.55,   721.48
  367.78,   599.20,   846.41
  364.27,   716.85,   592.90
  366.07,   720.50,   717.83
  367.87,   724.14,   842.77
  489.08,   466.81,   598.40
  490.88,   470.46,   723.33
  492.67,   474.11,   848.27
  489.17,   591.76,   594.75
  490.97,   595.41,   719.68
  492.76,   599.05,   844.62
  489.26,   716.71,   591.10
  491.06,   720.35,   716.04
  492.86,   724.00,   840.97
  614.06,   466.67,   596.60
  615.86,   470.32,   721.54
  617.66,   473.96,   846.47
  614.15,   591.62,   592.96
  615.95,   595.26,   717.89
  617.75,   598.91,   842.82
  614.24,   716.56,   589.31
  616.04,   720.21,   714.24
  617.84,   723.86,   839.18
  342.30,   601.21,    99.02
  340.20,   603.82,   223.97
  338.10,   606.43,   348.93
  339.34,   726.15,    96.36
  337.24,   728.76,   221.32
  335.14,   731.36,   346.27
  336.38,   851.09,    93.71
  334.28,   853.69,   218.66
  332.18,   856.30,   343.62
  467.25,   604.22,   101.06
  465.15,   606.82,   226.01
  463.05,   609.43,   350.97
  464.29,   729.15,    98.40
  462.19,   731.76,   223.36
  460.09,   734.37,   348.31
  461.33,   854.09,    95.74
  459.23,   856.70,   220.70
  457.13,   859.30,   345.65
  592.20,   607.22,   103.09
  590.10,   609.83,   228.05
  588.00,   612.43,   353.00
  589.24,   732.16,   100.44
  587.14,   734.76,   225.39
  585.03,   737.37,   350.35
  586.28,   857.10,    97.78
  584.18,   859.70,   222.74
  582.07,   862.31,   347.69
  358.65,   596.50,   223.49
  357.96,   599.48,   348.45
  357.27,   602.47,   473.42
  360.56,   721.45,   220.52
  359.87,   724.43,   345.48
  359.18,   727.42,   470.44
  362.47,   846.40,   217.54
  361.78,   849.38,   342.50
  361.09,   852.37,   467.47
  483.64,   594.60,   224.23
  482.94,   597.59,   349.19
  482.25,   600.57,   474.15
  485.55,   719.55,   221.25
  484.85,   722.54,   346.22
  484.16,   725.52,   471.18
  487.46,   844.50,   218.28
  486.77,   847.49,   343.24
  486.07,   850.47,   468.20
  608.62,   592.71,   224.97
  607.93,   595.69,   349.93
  607.23,   598.68,   474.89
  610.53,   717.66,   221.99
  609.84,   720.64,   346.95
  609.15,   723.63,   471.92
  612.44,   842.61,   219.02
  611.75,   845.59,   343.98
  611.06,   848.58,   468.94
  360.95,   596.71,   352.40
  359.18,   592.99,   477.33
  357.41,   589.26,   602.26
  359.04,   721.64,   356.09
  357.27,   717.92,   481.03
  355.49,   714.19,   605.96
  357.13,   846.57,   359.79
  355.35,   842.85,   484.72
  353.58,   839.12,   609.65
  485.92,   598.57,   354.23
  484.15,   594.85,   479.16
  482.38,   591.12,   604.09
  484.01,   723.50,   357.92
  482.24,   719.78,   482.85
  480.47,   716.05,   607.79
  482.10,   848.43,   361.62
  480.33,   844.71,   486.55
  478.55,   840.98,   611.48
  610.90,   600.43,   356.06
  609.12,   596.70,   480.99
  607.35,   592.98,   605.92
  608.99,   725.36,   359.75
  607.21,   721.63,   484.68
  605.44,   717.91,   609.62
  607.07,   850.29,   363.45
  605.30,   846.57,   488.38
  603.53,   842.84,   613.31
  344.12,   593.51,   468.55
  344.85,   596.60,   593.51
  345.58,   599.70,   718.47
  341.65,   718.45,   465.47
  342.37,   721.54,   590.43
  343.10,   724.63,   715.39
  339.17,   843.39,   462.40
  339.90,   846.48,   587.36
  340.63,   849.57,   712.32
  469.09,   595.97,   467.76
  469.82,   599.06,   592.72
  470.55,   602.15,   717.68
  466.62,   720.91,   464.69
  467.35,   724.00,   589.64
  468.08,   727.09,   714.60
  464.15,   845.84,   461.61
  464.87,   848.94,   586.57
  465.60,   852.03,   711.53
  594.07,   598.43,   466.97
  594.80,   601.52,   591.93
  595.52,   604.61,   716.89
  591.59,   723.36,   463.90
  592.32,   726.45,   588.86
  593.05,   729.55,   713.82
  589.12,   848.30,   460.82
  589.85,   851.39,   585.78
  590.58,   854.48,   710.74
  345.47,   610.40,   603.63
  349.01,   611.10,   728.58
  352.54,   611.80,   853.52
  344.02,   735.39,   602.97
  347.56,   736.09,   727.92
  351.09,   736.79,   852.86
  342.57,   860.38,   602.31
  346.10,   861.08,   727.26
  349.64,   861.78,   852.21
  470.42,   611.83,   600.09
  473.95,   612.53,   725.03
  477.48,   613.23,   849.98
  468.96,   736.82,   599.43
  472.50,   737.52,   724.37
  476.03,   738.22,   849.32
  467.51,   861.81,   598.77
  471.04,   862.51,   723.72
  474.58,   863.21,   848.66
  595.36,   613.26,   596.54
  598.89,   613.96,   721.49
  602.42,   614.66,   846.44
  593.90,   738.25,   595.89
  597.44,   738.95,   720.83
  600.97,   739.65,   845.78
  592.45,   863.24,   595.23
  595.99,   863.94,   720.17
  599.52,   864.64,   845.12
  466.89,    96.77,    96.23
  464.94,    97.34,   221.22
  462.99,    97.91,   346.20
  468.61,   221.75,    95.69
  466.66,   222.32,   220.67
  464.71,   222.89,   345.66
  470.33,   346.74,    95.15
  468.38,   347.31,   220.13
  466.42,   347.88,   345.12
  591.86,    95.06,    98.19
  589.91,    95.63,   223.18
  587.96,    96.20,   348.16
  593.58,   220.04,    97.65
  591.63,   220.61,   222.63
  589.68,   221.18,   347.62
  595.30,   345.03,    97.11
  593.35,   345.60,   222.09
  591.40,   346.17,   347.08
  716.84,    93.35,   100.15
  714.89,    93.92,   225.14
  712.93,    94.49,   350.12
  718.56,   218.33,    99.61
  716.60,   218.90,   224.59
  714.65,   219.47,   349.58
  720.27,   343.32,    99.07
  718.32,   343.89,   224.05
  716.37,   344.46,   349.03
  472.79,   109.56,   225.86
  474.55,   104.92,   350.76
  476.31,   100.28,   475.66
  474.88,   234.45,   230.47
  476.64,   229.81,   355.37
  478.40,   225.17,   480.27
  476.98,   359.35,   235.08
  478.74,   354.71,   359.98
  480.50,   350.07,   484.88
  597.76,   107.53,   224.02
  599.52,   102.89,   348.92
  601.28,    98.25,   473.82
  599.85,   232.42,   228.63
  601.61,   227.78,   353.53
  603.37,   223.14,   478.43
  601.95,   357.32,   233.24
  603.71,   352.68,   358.14
  605.47,   348.04,   483.04
  722.73,   105.50,   222.18
  724.49,   100.86,   347.09
  726.25,    96.22,   471.99
  724.82,   230.40,   226.79
  726.58,   225.76,   351.70
  728.34,   221.12,   476.60
  726.92,   355.29,   231.41
  728.68,   350.65,   356.31
  730.44,   346.01,   481.21
  466.22,    95.28,   344.07
  465.21,    95.03,   469.06
  464.20,    94.78,   594.06
  468.07,   220.27,   344.33
  467.05,   220.01,   469.33
  466.04,   219.76,   594.32
  469.91,   345.25,   344.60
  468.90,   345.00,   469.60
  467.89,   344.75,   594.59
  591.21,    93.43,   345.08
  590.19,    93.18,   470.07
  589.18,    92.93,   595.07
  593.05,   218.42,   345.34
  592.04,   218.17,   470.34
  591.02,   217.92,   595.33
  594.89,   343.41,   345.61
  593.88,   343.15,   470.60
  592.87,   342.90,   595.60
  716.19,    91.59,   346.08
  715.17,    91.34,   471.08
  714.16,    91.08,   596.08
  718.03,   216.57,   346.35
  717.02,   216.32,   471.35
  716.01,   216.07,   596.34
  719.88,   341.56,   346.62
  718.86,   341.31,   471.61
  717.85,   341.06,   596.61
  472.36,    92.65,   474.73
  472.95,    95.26,   599.70
  473.54,    97.86,   724.67
  471.44,   217.62,   472.13
  472.03,   220.23,   597.10
  472.61,   222.83,   722.07
  470.52,   342.59,   469.52
  471.11,   345.20,   594.49
  471.69,   347.80,   719.47
  597.36,    93.56,   474.12
  597.95,    96.17,   599.09
  598.53,    98.77,   724.07
  596.44,   218.53,   471.52
  597.02,   221.14,   596.49
  597.61,   223.74,   721.46
  595.51,   343.50,   468.92
  596.10,   346.11,   593.89
  596.69,   348.71,   718.86
  722.36,    94.47,   473.52
  722.94,    97.08,   598.49
  723.53,    99.68,   723.46
  721.43,   219.44,   470.92
  722.02,   222.05,   595.89
  722.60,   224.65,   720.86
  720.51,   344.41,   468.31
  721.10,   347.02,   593.28
  721.68,   349.62,   718.26
  469.48,    88.54,   595.06
  473.06,    86.59,   719.99
  476.65,    84.64,   844.92
  471.40,   213.52,   596.95
  474.99,   211.56,   721.89
  478.57,   209.61,   846.82
  473.33,   338.49,   598.85
  476.91,   336.54,   723.78
  480.49,   334.59,   848.71
  594.41,    86.68,   591.44
  598.00,    84.73,   716.38
  601.58,    82.78,   841.31
  596.34,   211.65,   593.34
  599.92,   209.70,   718.27
  603.50,   207.75,   843.21
  598.26,   336.62,   595.24
  601.84,   334.67,   720.17
  605.43,   332.72,   845.10
  719.35,    84.81,   587.83
  722.93,    82.86,   712.76
  726.52,    80.91,   837.70
  721.27,   209.78,   589.73
  724.85,   207.83,   714.66
  728.44,   205.88,   839.59
  723.19,   334.75,   591.62
  726.78,   332.80,   716.56
  730.36,   330.85,   841.49
  487.66,   229.42,   104.82
  487.22,   227.36,   229.81
  486.78,   225.31,   354.79
  491.22,   354.36,   106.89
  490.77,   352.30,   231.88
  490.33,   350.24,   356.86
  494.77,   479.29,   108.96
  494.32,   477.23,   233.95
  493.88,   475.17,   358.93
  612.61,   225.86,   105.21
  612.17,   223.81,   230.19
  611.72,   221.75,   355.17
  616.17,   350.80,   107.28
  615.72,   348.74,   232.26
  615.28,   346.68,   357.24
  619.72,   475.73,   109.35
  619.27,   473.67,   234.33
  618.83,   471.61,   359.31
  737.56,   222.30,   105.60
  737.12,   220.25,   230.58
  736.67,   218.19,   355.56
  741.11,   347.24,   107.67
  740.67,   345.18,   232.65
  740.23,   343.12,   357.63
  744.67,   472.17,   109.74
  744.22,   470.11,   234.72
  743.78,   468.05,   359.70
  490.17,   225.43,   230.06
  488.78,   223.10,   355.03
  487.39,   220.78,   480.00
  493.18,   350.37,   232.41
  491.79,   348.05,   357.38
  490.40,   345.72,   482.36
  496.19,   475.31,   234.77
  494.80,   472.99,   359.74
  493.41,   470.66,   484.71
  615.12,   222.39,   231.39
  613.74,   220.07,   356.36
  612.35,   217.75,   481.33
  618.13,   347.33,   233.74
  616.75,   345.01,   358.71
  615.36,   342.69,   483.68
  621.14,   472.27,   236.10
  619.76,   469.95,   361.07
  618.37,   467.63,   486.04
  740.08,   219.36,   232.72
  738.69,   217.03,   357.69
  737.31,   214.71,   482.66
  743.09,   344.30,   235.07
  741.70,   341.97,   360.04
  740.32,   339.65,   485.01
  746.10,   469.24,   237.43
  744.71,   466.92,   362.40
  743.33,   464.59,   487.37
  482.15,   227.07,   355.13
  482.96,   228.81,   480.11
  483.78,   230.56,   605.10
  480.96,   352.05,   353.39
  481.78,   353.80,   478.38
  482.59,   355.54,   603.36
  479.77,   477.03,   351.65
  480.59,   478.78,   476.64
  481.40,   480.52,   601.62
  607.14,   228.25,   354.30
  607.96,   229.99,   479.28
  608.77,   231.74,   604.27
  605.95,   353.23,   352.56
  606.77,   354.97,   477.55
  607.58,   356.72,   602.53
  604.77,   478.21,   350.82
  605.58,   479.96,   475.81
  606.39,   481.70,   600.80
  732.14,   229.43,   353.47
  732.95,   231.17,   478.45
  733.76,   232.91,   603.44
  730.95,   354.41,   351.73
  731.76,   356.15,   476.72
  732.57,   357.90,   601.70
  729.76,   479.39,   350.00
  730.57,   481.13,   474.98
  731.38,   482.88,   599.97
  464.71,   229.93,   470.27
  464.58,   232.47,   595.24
  464.46,   235.02,   720.22
  463.16,   354.90,   467.73
  463.03,   357.44,   592.70
  462.90,   359.98,   717.67
  461.60,   479.86,   465.18
  461.47,   482.40,   590.16
  461.35,   484.94,   715.13
  589.70,   231.49,   470.36
  589.57,   234.03,   595.34
  589.45,   236.57,   720.31
  588.15,   356.45,   467.82
  588.02,   359.00,   592.80
  587.89,   361.54,   717.77
  586.59,   481.42,   465.28
  586.46,   483.96,   590.25
  586.34,   486.50,   715.23
  714.69,   233.05,   470.46
  714.56,   235.59,   595.43
  714.44,   238.13,   720.41
  713.14,   358.01,   467.92
  713.01,   360.55,   592.89
  712.88,   363.10,   717.87
  711.58,   482.98,   465.37
  711.45,   485.52,   590.35
  711.33,   488.06,   715.32
  481.54,   216.30,   600.96
  482.62,   217.34,   725.95
  483.70,   218.39,   850.95
  481.07,   341.29,   599.92
  482.15,   342.34,   724.92
  483.22,   343.38,   849.91
  480.60,   466.29,   598.89
  481.68,   467.33,   723.88
  482.75,   468.38,   848.87
  606.54,   216.76,   599.88
  607.61,   217.81,   724.87
  608.69,   218.85,   849.87
  606.07,   341.76,   598.84
  607.14,   342.80,   723.84
  608.22,   343.84,   848.83
  605.60,   466.75,   597.81
  606.67,   467.80,   722.80
  607.75,   468.84,   847.79
  731.53,   217.23,   598.80
  732.61,   218.27,   723.79
  733.69,   219.31,   848.79
  731.06,   342.22,   597.76
  732.14,   343.26,   722.76
  733.21,   344.31,   847.75
  730.59,   467.22,   596.73
  731.67,   468.26,   721.72
  732.74,   469.30,   846.71
  475.42,   342.36,    95.42
  477.99,   339.33,   220.36
  480.57,   336.30,   345.30
  475.43,   467.32,    98.45
  478.01,   464.29,   223.39
  480.58,   461.27,   348.32
  475.45,   592.28,   101.48
  478.02,   589.26,   226.41
  480.59,   586.23,   351.35
  600.39,   342.41,    92.85
  602.97,   339.38,   217.79
  605.54,   336.35,   342.72
  600.41,   467.37,    95.88
  602.98,   464.34,   220.81
  605.55,   461.32,   345.75
  600.42,   592.33,    98.90
  602.99,   589.31,   223.84
  605.57,   586.28,   348.78
  725.37,   342.45,    90.28
  727.94,   339.43,   215.21
  730.51,   336.40,   340.15
  725.38,   467.42,    93.30
  727.95,   464.39,   218.24
  730.53,   461.36,   343.18
  725.39,   592.38,    96.33
  727.97,   589.35,   221.27
  730.54,   586.33,   346.21
  465.70,   349.48,   219.76
  466.08,   346.69,   344.73
  466.45,   343.90,   469.70
  464.96,   474.45,   222.56
  465.33,   471.66,   347.53
  465.71,   468.86,   472.49
  464.22,   599.42,   225.35
  464.59,   596.62,   350.32
  464.96,   593.83,   475.29
  590.70,   350.24,   219.41
  591.07,   347.44,   344.37
  591.45,   344.65,   469.34
  589.96,   475.20,   222.20
  590.33,   472.41,   347.17
  590.70,   469.62,   472.14
  589.22,   600.17,   225.00
  589.59,   597.38,   349.97
  589.96,   594.58,   474.93
  715.70,   350.99,   219.05
  716.07,   348.19,   344.02
  716.45,   345.40,   468.99
  714.96,   475.95,   221.85
  715.33,   473.16,   346.81
  715.70,   470.37,   471.78
  714.21,   600.92,   224.64
  714.59,   598.13,   349.61
  714.96,   595.33,   474.58
  482.30,   350.50,   351.06
  481.85,   351.51,   476.05
  481.40,   352.51,   601.05
  481.82,   475.50,   350.05
  481.37,   476.50,   475.05
  480.92,   477.51,   600.04
  481.33,   600.49,   349.05
  480.88,   601.50,   474.04
  480.43,   602.50,   599.04
  607.30,   350.99,   351.51
  606.85,   351.99,   476.50
  606.40,   353.00,   601.50
  606.82,   475.99,   350.50
  606.37,   476.99,   475.50
  605.91,   477.99,   600.49
  606.33,   600.98,   349.50
  605.88,   601.98,   474.49
  605.43,   602.99,   599.49
  732.30,   351.48,   351.95
  731.85,   352.48,   476.95
  731.40,   353.48,   601.94
  731.81,   476.47,   350.95
  731.36,   477.48,   475.94
  730.91,   478.48,   600.94
  731.33,   601.47,   349.94
  730.88,   602.47,   474.94
  730.43,   603.47,   599.93
  487.22,   355.55,   479.44
  485.58,   351.92,   604.38
  483.93,   348.30,   729.32
  489.63,   480.47,   483.10
  487.99,   476.85,   608.04
  486.35,   473.22,   732.97
  492.05,   605.39,   486.75
  490.40,   601.77,   611.69
  488.76,   598.14,   736.63
  612.19,   353.09,   481.02
  610.54,   349.46,   605.95
  608.90,   345.84,   730.89
  614.60,   478.01,   484.67
  612.96,   474.38,   609.61
  611.31,   470.76,   734.55
  617.01,   602.93,   488.33
  615.37,   599.31,   613.26
  613.73,   595.68,   738.20
  737.15,   350.62,   482.59
  735.51,   347.00,   607.53
  733.86,   343.38,   732.46
  739.57,   475.55,   486.25
  737.92,   471.92,   611.18
  736.28,   468.30,   736.12
  741.98,   600.47,   489.90
  740.34,   596.85,   614.84
  738.69,   593.22,   739.77
  478.80,   341.76,   599.16
  481.06,   344.86,   724.10
  483.33,   347.97,   849.04
  481.18,   466.70,   596.01
  483.44,   469.80,   720.95
  485.71,   472.90,   845.89
  483.56,   591.64,   592.87
  485.82,   594.74,   717.81
  488.09,   597.84,   842.75
  603.75,   339.32,   596.95
  606.02,   342.43,   721.89
  608.28,   345.53,   846.84
  606.14,   464.26,   593.81
  608.40,   467.36,   718.75
  610.66,   470.47,   843.69
  608.52,   589.20,   590.66
  610.78,   592.30,   715.60
  613.04,   595.40,   840.54
  728.71,   336.89,   594.75
  730.97,   339.99,   719.69
  733.24,   343.09,   844.63
  731.09,   461.82,   591.60
  733.36,   464.93,   716.55
  735.62,   468.03,   841.49
  733.47,   586.76,   588.46
  735.74,   589.86,   713.40
  738.00,   592.97,   838.34
  488.36,   466.54,   101.81
  484.31,   467.28,   226.75
  480.26,   468.02,   351.68
  488.86,   591.54,   101.09
  484.81,   592.28,   226.02
  480.76,   593.02,   350.95
  489.37,   716.53,   100.36
  485.32,   717.28,   225.30
  481.27,   718.02,   350.23
  613.30,   466.06,   105.87
  609.25,   466.80,   230.80
  605.20,   467.54,   355.73
  613.80,   591.06,   105.14
  609.75,   591.80,   230.07
  605.70,   592.54,   355.01
  614.30,   716.06,   104.42
  610.25,   716.80,   229.35
  606.20,   717.54,   354.28
  738.23,   465.59,   109.92
  734.18,   466.33,   234.85
  730.13,   467.07,   359.78
  738.73,   590.58,   109.19
  734.68,   591.32,   234.13
  730.63,   592.06,   359.06
  739.23,   715.58,   108.47
  735.18,   716.32,   233.40
  731.13,   717.06,   358.33
  466.86,   473.80,   222.44
  464.53,   473.22,   347.41
  462.21,   472.64,   472.39
  464.32,   598.77,   222.97
  462.00,   598.19,   347.94
  459.67,   597.62,   472.92
  461.78,   723.74,   223.50
  459.46,   723.17,   348.47
  457.13,   722.59,   473.45
  591.81,   476.32,   224.77
  589.49,   475.75,   349.75
  587.16,   475.17,   474.73
  589.27,   601.30,   225.30
  586.95,   600.72,   350.28
  584.62,   600.14,   475.26
  586.74,   726.27,   225.83
  584.41,   725.69,   350.81
  582.09,   725.11,   475.79
  716.76,   478.85,   227.11
  714.44,   478.27,   352.09
  712.11,   477.69,   477.06
  714.23,   603.82,   227.64
  711.90,   603.25,   352.62
  709.58,   602.67,   477.59
  711.69,   728.80,   228.17
  709.37,   728.22,   353.15
  707.04,   727.64,   478.12
  470.68,   463.63,   343.66
  468.62,   466.68,   468.61
  466.56,   469.73,   593.55
  471.56,   588.59,   340.62
  469.50,   591.64,   465.57
  467.44,   594.69,   590.51
  472.44,   713.55,   337.59
  470.38,   716.60,   462.53
  468.32,   719.65,   587.48
  595.66,   462.81,   345.74
  593.60,   465.86,   470.69
  591.54,   468.91,   595.63
  596.54,   587.77,   342.71
  594.48,   590.82,   467.65
  592.42,   593.87,   592.60
  597.42,   712.73,   339.67
  595.36,   715.78,   464.62
  593.30,   718.83,   589.56
  720.64,   461.98,   347.83
  718.58,   465.03,   472.77
  716.52,   468.08,   597.72
  721.52,   586.94,   344.79
  719.46,   589.99,   469.73
  717.40,   593.04,   594.68
  722.40,   711.90,   341.75
  720.34,   714.95,   466.70
  718.28,   718.00,   591.64
  477.62,   477.25,   478.99
  478.51,   479.21,   603.97
  479.39,   481.16,   728.95
  478.74,   602.23,   477.02
  479.62,   604.18,   602.01
  480.51,   606.14,   726.99
  479.85,   727.21,   475.06
  480.74,   729.16,   600.04
  481.62,   731.12,   725.02
  602.62,   476.12,   478.12
  603.50,   478.08,   603.11
  604.39,   480.04,   728.09
  603.73,   601.10,   476.16
  604.61,   603.06,   601.14
  605.50,   605.02,   726.12
  604.84,   726.08,   474.19
  605.73,   728.04,   599.17
  606.61,   729.99,   724.15
  727.61,   474.99,   477.26
  728.49,   476.95,   602.24
  729.38,   478.91,   727.22
  728.72,   599.97,   475.29
  729.61,   601.93,   600.27
  730.49,   603.89,   725.25
  729.84,   724.95,   473.32
  730.72,   726.91,   598.30
  731.61,   728.87,   723.29
  480.41,   480.34,   605.75
  477.25,   479.53,   730.70
  474.09,   478.72,   855.66
  484.17,   605.28,   606.65
  481.00,   604.47,   731.61
  477.84,   603.66,   856.57
  487.92,   730.22,   607.56
  484.76,   729.41,   732.51
  481.60,   728.60,   857.47
  605.31,   476.57,   608.88
  602.15,   475.75,   733.84
  598.99,   474.94,   858.80
  609.07,   601.51,   609.79
  605.91,   600.69,   734.74
  602.75,   599.88,   859.70
  612.82,   726.45,   610.69
  609.66,   725.64,   735.65
  606.50,   724.82,   860.61
  730.22,   472.79,   612.02
  727.06,   471.98,   736.98
  723.89,   471.17,   861.93
  733.97,   597.73,   612.92
  730.81,   596.92,   737.88
  727.65,   596.11,   862.84
  737.73,   722.67,   613.83
  734.57,   721.86,   738.79
  731.40,   721.05,   863.74
  477.40,   613.13,   107.36
  476.52,   615.58,   232.33
  475.64,   618.04,   357.30
  480.38,   738.07,   104.92
  479.50,   740.53,   229.90
  478.62,   742.98,   354.87
  483.36,   863.01,   102.49
  482.48,   865.47,   227.46
  481.60,   867.92,   352.44
  602.36,   610.17,   108.30
  601.49,   612.63,   233.27
  600.61,   615.08,   358.24
  605.34,   735.11,   105.86
  604.46,   737.57,   230.84
  603.58,   740.02,   355.81
  608.32,   860.05,   103.43
  607.44,   862.51,   228.40
  606.56,   864.96,   353.37
  727.33,   607.21,   109.23
  726.45,   609.67,   234.21
  725.57,   612.12,   359.18
  730.30,   732.15,   106.80
  729.42,   734.61,   231.77
  728.54,   737.06,   356.75
  733.28,   857.09,   104.37
  732.40,   859.55,   229.34
  731.52,   862.00,   354.31
  488.82,   590.48,   227.51
  488.25,   590.11,   352.51
  487.68,   589.73,   477.51
  490.92,   715.47,   227.90
  490.35,   715.09,   352.90
  489.78,   714.71,   477.89
  493.03,   840.45,   228.28
  492.46,   840.07,   353.28
  491.88,   839.70,   478.28
  613.80,   588.38,   228.08
  613.23,   588.00,   353.08
  612.66,   587.63,   478.07
  615.91,   713.36,   228.46
  615.33,   712.98,   353.46
  614.76,   712.61,   478.46
  618.01,   838.34,   228.85
  617.44,   837.97,   353.85
  616.87,   837.59,   478.84
  738.78,   586.27,   228.64
  738.21,   585.90,   353.64
  737.64,   585.52,   478.64
  740.89,   711.26,   229.03
  740.32,   710.88,   354.03
  739.74,   710.50,   479.02
  742.99,   836.24,   229.41
  742.42,   835.86,   354.41
  741.85,   835.49,   479.41
  482.48,   591.22,   349.07
  481.52,   592.61,   474.06
  480.56,   593.99,   599.05
  485.35,   716.18,   347.70
  484.38,   717.57,   472.69
  483.42,   718.95,   597.68
  488.21,   841.14,   346.34
  487.24,   842.53,   471.33
  486.28,   843.91,   596.32
  607.45,   588.37,   350.06
  606.48,   589.76,   475.05
  605.52,   591.14,   600.04
  610.31,   713.33,   348.70
  609.35,   714.72,   473.69
  608.38,   716.10,   598.68
  613.17,   838.29,   347.34
  612.21,   839.68,   472.32
  611.24,   841.06,   597.31
  732.41,   585.52,   351.06
  731.45,   586.91,   476.05
  730.48,   588.29,   601.04
  735.27,   710.48,   349.69
  734.31,   711.87,   474.68
  733.35,   713.25,   599.67
  738.13,   835.44,   348.33
  737.17,   836.83,   473.32
  736.21,   838.21,   598.31
  473.57,   603.23,   479.03
  472.49,   603.69,   604.02
  471.41,   604.15,   729.02
  476.22,   728.20,   478.59
  475.14,   728.66,   603.59
  474.05,   729.13,   728.58
  478.86,   853.18,   478.16
  477.78,   853.64,   603.15
  476.70,   854.10,   728.14
  598.54,   600.59,   480.12
  597.46,   601.05,   605.12
  596.38,   601.51,   730.11
  601.18,   725.56,   479.68
  600.10,   726.03,   604.68
  599.02,   726.49,   729.67
  603.83,   850.54,   479.25
  602.75,   851.00,   604.24
  601.66,   851.46,   729.24
  723.51,   597.95,   481.21
  722.43,   598.41,   606.21
  721.35,   598.87,   731.20
  726.15,   722.93,   480.77
  725.07,   723.39,   605.77
  723.99,   723.85,   730.76
  728.80,   847.90,   480.34
  727.71,   848.36,   605.33
  726.63,   848.82,   730.33
  474.81,   593.85,   595.25
  473.89,   593.77,   720.25
  472.96,   593.69,   845.25
  476.74,   718.84,   595.35
  475.82,   718.76,   720.34
  474.89,   718.68,   845.34
  478.68,   843.82,   595.44
  477.75,   843.74,   720.44
  476.82,   843.66,   845.44
  599.79,   591.92,   596.18
  598.87,   591.84,   721.17
  597.94,   591.76,   846.17
  601.72,   716.90,   596.27
  600.80,   716.82,   721.27
  599.87,   716.74,   846.27
  603.66,   841.89,   596.37
  602.73,   841.81,   721.36
  601.81,   841.73,   846.36
  724.77,   589.99,   597.10
  723.85,   589.91,   722.10
  722.92,   589.83,   847.10
  726.71,   714.97,   597.20
  725.78,   714.89,   722.19
  724.85,   714.81,   847.19
  728.64,   839.96,   597.29
  727.71,   839.88,   722.29
  726.79,   839.80,   847.28
  597.11,   105.39,    97.57
  600.01,   101.74,   222.48
  602.91,    98.08,   347.39
  600.27,   230.30,   101.15
  603.18,   226.65,   226.06
  606.08,   222.99,   350.97
  603.44,   355.21,   104.73
  606.34,   351.56,   229.64
  609.25,   347.90,   354.55
  722.03,   102.31,    94.57
  724.94,    98.66,   219.48
  727.84,    95.00,   344.40
  725.20,   227.22,    98.15
  728.10,   223.57,   223.07
  731.01,   219.91,   347.98
  728.36,   352.13,   101.73
  731.27,   348.48,   226.65
  734.17,   344.82,   351.56
  846.96,    99.23,    91.58
  849.86,    95.58,   216.49
  852.77,    91.92,   341.40
  850.12,   224.14,    95.16
  853.03,   220.49,   220.07
  855.93,   216.83,   344.98
  853.29,   349.05,    98.74
  856.19,   345.40,   223.65
  859.10,   341.74,   348.56
  608.38,   111.56,   231.47
  608.85,   111.76,   356.47
  609.31,   111.96,   481.47
  603.53,   236.47,   231.29
  603.99,   236.67,   356.29
  604.46,   236.87,   481.29
  598.67,   361.37,   231.11
  599.14,   361.57,   356.11
  599.61,   361.77,   481.10
  733.28,   116.41,   231.00
  733.75,   116.61,   356.00
  734.22,   116.81,   481.00
  728.43,   241.32,   230.82
  728.90,   241.52,   355.82
  729.36,   241.72,   480.81
  723.58,   366.22,   230.63
  724.04,   366.42,   355.63
  724.51,   366.63,   480.63
  858.19,   121.26,   230.53
  858.66,   121.46,   355.53
  859.12,   121.67,   480.52
  853.34,   246.17,   230.34
  853.80,   246.37,   355.34
  854.27,   246.57,   480.34
  848.48,   371.08,   230.16
  848.95,   371.28,   355.16
  849.42,   371.48,   480.16
  608.86,   112.96,   356.68
  606.16,   115.60,   481.62
  603.46,   118.23,   606.57
  605.01,   237.87,   353.96
  602.31,   240.51,   478.91
  599.61,   243.14,   603.85
  601.16,   362.78,   351.24
  598.46,   365.42,   476.19
  595.76,   368.06,   601.13
  733.78,   116.87,   359.30
  731.07,   119.51,   484.24
  728.37,   122.14,   609.18
  729.93,   241.78,   356.58
  727.22,   244.42,   481.52
  724.52,   247.05,   606.47
  726.07,   366.69,   353.86
  723.37,   369.33,   478.81
  720.67,   371.96,   603.75
  858.69,   120.78,   361.92
  855.99,   123.41,   486.86
  853.28,   126.05,   611.80
  854.84,   245.69,   359.20
  852.14,   248.32,   484.14
  849.43,   250.96,   609.09
  850.99,   370.60,   356.48
  848.28,   373.24,   481.42
  845.58,   375.87,   606.37
  604.70,   102.27,   476.98
  607.81,    99.96,   601.92
  610.91,    97.64,   726.86
  608.52,   227.19,   479.20
  611.63,   224.88,   604.14
  614.73,   222.56,   729.08
  612.35,   352.11,   481.42
  615.45,   349.80,   606.36
  618.55,   347.48,   731.30
  729.60,    98.50,   473.81
  732.71,    96.19,   598.75
  735.81,    93.88,   723.69
  733.43,   223.43,   476.03
  736.53,   221.11,   600.97
  739.63,   218.80,   725.91
  737.25,   348.35,   478.24
  740.35,   346.03,   603.18
  743.46,   343.72,   728.12
  854.51,    94.74,   470.63
  857.61,    92.42,   595.57
  860.72,    90.11,   720.51
  858.33,   219.66,   472.85
  861.43,   217.35,   597.79
  864.54,   215.03,   722.73
  862.15,   344.58,   475.07
  865.26,   342.27,   600.01
  868.36,   339.95,   724.95
  590.44,   100.15,   595.01
  589.24,   102.64,   719.98
  588.03,   105.12,   844.95
  586.57,   225.07,   592.49
  585.36,   227.55,   717.46
  584.16,   230.03,   842.43
  582.69,   349.98,   589.97
  581.49,   352.47,   714.94
  580.28,   354.95,   839.91
  715.38,   104.05,   596.14
  714.17,   106.53,   721.11
  712.97,   109.02,   846.08
  711.50,   228.96,   593.62
  710.30,   231.45,   718.59
  709.09,   233.93,   843.56
  707.63,   353.88,   591.10
  706.42,   356.36,   716.07
  705.22,   358.85,   841.04
  840.31,   107.95,   597.27
  839.11,   110.43,   722.24
  837.90,   112.91,   847.21
  836.44,   232.86,   594.75
  835.23,   235.34,   719.72
  834.03,   237.83,   844.69
  832.56,   357.77,   592.23
  831.36,   360.26,   717.20
  830.15,   362.74,   842.17
  616.12,   228.52,   107.33
  615.17,   231.00,   232.30
  614.22,   233.48,   357.27
  617.42,   353.49,   104.85
  616.47,   355.97,   229.83
  615.52,   358.45,   354.80
  618.72,   478.46,   102.38
  617.77,   480.94,   227.35
  616.82,   483.42,   352.33
  741.11,   227.24,   108.30
  740.16,   229.72,   233.27
  739.21,   232.21,   358.24
  742.41,   352.21,   105.83
  741.46,   354.69,   230.80
  740.51,   357.17,   355.77
  743.71,   477.18,   103.36
  742.76,   479.66,   228.33
  741.81,   482.14,   353.30
  866.10,   225.97,   109.28
  865.15,   228.45,   234.25
  864.20,   230.93,   359.22
  867.40,   350.93,   106.81
  866.45,   353.42,   231.78
  865.50,   355.90,   356.75
  868.70,   475.90,   104.33
  867.75,   478.38,   229.31
  866.79,   480.87,   354.28
  588.58,   225.67,   220.85
  587.82,   229.19,   345.79
  587.07,   232.70,   470.74
  589.79,   350.62,   217.34
  589.03,   354.13,   342.29
  588.27,   357.65,   467.23
  590.99,   475.56,   213.83
  590.24,   479.08,   338.78
  589.48,   482.59,   463.73
  713.57,   224.49,   221.64
  712.81,   228.00,   346.58
  712.06,   231.52,   471.53
  714.78,   349.43,   218.13
  714.02,   352.95,   343.08
  713.26,   356.46,   468.02
  715.98,   474.38,   214.62
  715.23,   477.89,   339.57
  714.47,   481.41,   464.52
  838.56,   223.30,   222.43
  837.81,   226.82,   347.37
  837.05,   230.33,   472.32
  839.77,   348.25,   218.92
  839.01,   351.76,   343.87
  838.26,   355.28,   468.82
  840.98,   473.19,   215.41
  840.22,   476.71,   340.36
  839.46,   480.22,   465.31
  609.70,   228.66,   354.14
  611.66,   229.66,   479.12
  613.62,   230.65,   604.10
  614.03,   353.58,   353.08
  615.99,   354.58,   478.06
  617.95,   355.57,   603.04
  618.36,   478.50,   352.01
  620.31,   479.50,   476.99
  622.27,   480.49,   601.97
  734.61,   224.32,   352.22
  736.57,   225.31,   477.20
  738.53,   226.31,   602.18
  738.94,   349.24,   351.15
  740.90,   350.23,   476.13
  742.86,   351.23,   601.11
  743.27,   474.16,   350.09
  745.22,   475.15,   475.07
  747.18,   476.15,   600.05
  859.52,   219.97,   350.29
  861.48,   220.97,   475.27
  863.44,   221.97,   600.26
  863.85,   344.89,   349.23
  865.81,   345.89,   474.21
  867.77,   346.89,   599.19
  868.17,   469.81,   348.17
  870.13,   470.81,   473.15
  872.09,   471.81,   598.13
  596.43,   217.92,   471.07
  594.72,   215.76,   596.04
  593.01,   213.61,   721.01
  596.42,   342.90,   473.23
  594.72,   340.74,   598.20
  593.01,   338.59,   723.17
  596.42,   467.88,   475.39
  594.71,   465.73,   600.36
  593.00,   463.57,   725.32
  721.42,   217.89,   472.78
  719.71,   215.74,   597.75
  718.00,   213.58,   722.72
  721.41,   342.88,   474.94
  719.70,   340.72,   599.91
  718.00,   338.56,   724.88
  721.41,   467.86,   477.09
  719.70,   465.70,   602.06
  717.99,   463.55,   727.03
  846.41,   217.87,   474.49
  844.70,   215.71,   599.46
  842.99,   213.56,   724.43
  846.40,   342.85,   476.64
  844.69,   340.70,   601.61
  842.99,   338.54,   726.58
  846.39,   467.83,   478.80
  844.69,   465.68,   603.77
  842.98,   463.52,   728.74
  597.68,   231.08,   600.14
  597.60,   232.64,   725.13
  597.52,   234.21,   850.12
  600.46,   356.04,   598.57
  600.38,   357.60,   723.57
  600.30,   359.17,   848.56
  603.24,   481.00,   597.01
  603.16,   482.56,   722.00
  603.08,   484.13,   846.99
  722.65,   228.30,   600.25
  722.57,   229.86,   725.24
  722.49,   231.43,   850.23
  725.43,   353.26,   598.69
  725.35,   354.82,   723.68
  725.27,   356.39,   848.67
  728.21,   478.22,   597.13
  728.13,   479.78,   722.12
  728.05,   481.35,   847.11
  847.62,   225.52,   600.36
  847.54,   227.08,   725.35
  847.46,   228.65,   850.34
  850.40,   350.48,   598.80
  850.32,   352.04,   723.79
  850.24,   353.60,   848.78
  853.18,   475.44,   597.24
  853.10,   477.00,   722.23
  853.02,   478.56,   847.22
  606.26,   357.11,   104.14
  605.47,   355.56,   229.13
  604.67,   354.00,   354.12
  608.61,   482.08,   105.71
  607.81,   480.53,   230.70
  607.02,   478.97,   355.69
  610.95,   607.05,   107.28
  610.16,   605.49,   232.27
  609.37,   603.94,   357.26
  731.24,   354.76,   104.91
  730.44,   353.20,   229.89
  729.65,   351.65,   354.88
  733.58,   479.73,   106.48
  732.79,   478.17,   231.46
  732.00,   476.61,   356.45
  735.93,   604.69,   108.05
  735.14,   603.14,   233.03
  734.34,   601.58,   358.02
  856.21,   352.40,   105.67
  855.42,   350.85,   230.66
  854.62,   349.29,   355.65
  858.56,   477.37,   107.24
  857.76,   475.81,   232.23
  856.97,   474.26,   357.22
  860.91,   602.34,   108.81
  860.11,   600.78,   233.80
  859.32,   599.23,   358.79
  600.55,   348.88,   224.71
  597.97,   347.43,   349.68
  595.39,   345.99,   474.64
  600.53,   473.87,   226.16
  597.95,   472.43,   351.12
  595.37,   470.98,   476.09
  600.52,   598.86,   227.60
  597.94,   597.42,   352.56
  595.36,   595.98,   477.53
  725.52,   348.86,   227.29
  722.94,   347.42,   352.26
  720.36,   345.98,   477.22
  725.51,   473.85,   228.74
  722.93,   472.41,   353.70
  720.35,   470.97,   478.67
  725.49,   598.85,   230.18
  722.91,   597.40,   355.14
  720.33,   595.96,   480.11
  850.50,   348.85,   229.87
  847.92,   347.41,   354.84
  845.34,   345.97,   479.80
  850.48,   473.84,   231.32
  847.90,   472.40,   356.28
  845.32,   470.96,   481.25
  850.46,   598.83,   232.76
  847.88,   597.39,   357.72
  845.30,   595.95,   482.69
  605.28,   342.76,   349.35
  602.49,   344.35,   474.31
  599.70,   345.94,   599.26
  608.84,   467.70,   347.84
  606.05,   469.29,   472.79
  603.27,   470.88,   597.75
  612.41,   592.64,   346.32
  609.62,   594.23,   471.28
  606.83,   595.82,   596.24
  730.19,   339.23,   352.18
  727.41,   340.82,   477.14
  724.62,   342.41,   602.10
  733.76,   464.17,   350.67
  730.97,   465.76,   475.63
  728.18,   467.35,   600.58
  737.33,   589.11,   349.16
  734.54,   590.70,   474.12
  731.75,   592.29,   599.07
  855.11,   335.70,   355.01
  852.32,   337.29,   479.97
  849.54,   338.88,   604.93
  858.68,   460.64,   353.50
  855.89,   462.23,   478.46
  853.10,   463.82,   603.42
  862.24,   585.58,   351.99
  859.46,   587.17,   476.95
  856.67,   588.76,   601.91
  595.64,   351.69,   471.87
  593.80,   349.82,   596.84
  591.96,   347.95,   721.81
  596.91,   476.67,   473.76
  595.07,   474.80,   598.73
  593.24,   472.93,   723.70
  598.18,   601.65,   475.64
  596.35,   599.78,   600.62
  594.51,   597.91,   725.59
  720.62,   350.39,   473.69
  718.78,   348.52,   598.66
  716.94,   346.65,   723.63
  721.89,   475.37,   475.57
  720.05,   473.50,   600.55
  718.22,   471.63,   725.52
  723.16,   600.35,   477.46
  721.33,   598.48,   602.43
  719.49,   596.61,   727.41
  845.60,   349.09,   475.50
  843.76,   347.22,   600.48
  841.92,   345.35,   725.45
  846.87,   474.07,   477.39
  845.03,   472.20,   602.36
  843.20,   470.33,   727.34
  848.14,   599.05,   479.28
  846.31,   597.18,   604.25
  844.47,   595.31,   729.22
  605.74,   350.66,   602.48
  602.07,   351.13,   727.43
  598.41,   351.61,   852.37
  607.52,   475.64,   602.06
  603.85,   476.12,   727.00
  600.19,   476.60,   851.95
  609.30,   600.63,   601.63
  605.64,   601.11,   726.58
  601.97,   601.58,   851.52
  730.67,   348.89,   606.16
  727.01,   349.36,   731.10
  723.34,   349.84,   856.05
  732.45,   473.87,   605.73
  728.79,   474.35,   730.68
  725.12,   474.83,   855.62
  734.24,   598.86,   605.31
  730.57,   599.34,   730.25
  726.90,   599.81,   855.20
  855.61,   347.12,   609.83
  851.94,   347.60,   734.77
  848.27,   348.07,   859.72
  857.39,   472.11,   609.40
  853.72,   472.58,   734.35
  850.06,   473.06,   859.29
  859.17,   597.09,   608.98
  855.50,   597.57,   733.92
  851.84,   598.05,   858.87
  601.48,   468.99,    99.79
  605.24,   470.25,   224.73
  609.00,   471.51,   349.66
  605.50,   593.92,    98.41
  609.26,   595.18,   223.34
  613.02,   596.44,   348.28
  609.52,   718.85,    97.03
  613.28,   720.11,   221.96
  617.04,   721.37,   346.90
  726.36,   464.93,    96.07
  730.12,   466.19,   221.01
  733.88,   467.45,   345.95
  730.38,   589.86,    94.69
  734.14,   591.12,   219.63
  737.90,   592.38,   344.57
  734.40,   714.79,    93.31
  738.16,   716.05,   218.25
  741.92,   717.31,   343.19
  851.24,   460.88,    92.36
  855.00,   462.14,   217.29
  858.76,   463.40,   342.23
  855.26,   585.80,    90.98
  859.02,   587.06,   215.91
  862.78,   588.32,   340.85
  859.28,   710.73,    89.60
  863.04,   711.99,   214.53
  866.79,   713.25,   339.47
  600.51,   468.53,   221.42
  603.62,   472.47,   346.32
  606.74,   476.41,   471.22
  599.82,   593.46,   217.50
  602.93,   597.40,   342.40
  606.05,   601.34,   467.30
  599.13,   718.40,   213.57
  602.25,   722.34,   338.47
  605.36,   726.28,   463.37
  725.47,   469.12,   218.28
  728.58,   473.06,   343.18
  731.70,   477.00,   468.08
  724.78,   594.06,   214.36
  727.89,   597.99,   339.26
  731.01,   601.93,   464.16
  724.09,   718.99,   210.44
  727.20,   722.93,   335.34
  730.32,   726.87,   460.24
  850.43,   469.71,   215.15
  853.54,   473.65,   340.05
  856.66,   477.59,   464.95
  849.74,   594.65,   211.22
  852.85,   598.59,   336.12
  855.97,   602.52,   461.02
  849.05,   719.58,   207.30
  852.16,   723.52,   332.20
  855.28,   727.46,   457.10
  600.19,   467.04,   344.52
  602.87,   467.16,   469.49
  605.55,   467.29,   594.46
  597.91,   592.01,   344.44
  600.59,   592.14,   469.41
  603.27,   592.27,   594.38
  595.64,   716.99,   344.36
  598.31,   717.12,   469.33
  600.99,   717.25,   594.30
  725.14,   469.31,   341.84
  727.82,   469.44,   466.81
  730.50,   469.57,   591.78
  722.86,   594.29,   341.76
  725.54,   594.42,   466.73
  728.22,   594.55,   591.70
  720.59,   719.27,   341.68
  723.26,   719.40,   466.65
  725.94,   719.53,   591.62
  850.09,   471.59,   339.15
  852.77,   471.72,   464.13
  855.45,   471.85,   589.10
  847.82,   596.57,   339.07
  850.49,   596.70,   464.05
  853.17,   596.82,   589.02
  845.54,   721.55,   339.00
  848.22,   721.68,   463.97
  850.89,   721.80,   588.94
  601.69,   485.50,   482.02
  599.39,   485.64,   607.00
  597.09,   485.77,   731.98
  604.54,   610.47,   481.93
  602.24,   610.60,   606.91
  599.94,   610.74,   731.89
  607.39,   735.43,   481.85
  605.09,   735.57,   606.83
  602.79,   735.71,   731.81
  726.63,   482.65,   484.32
  724.33,   482.78,   609.30
  722.03,   482.92,   734.28
  729.49,   607.62,   484.24
  727.19,   607.75,   609.22
  724.89,   607.89,   734.19
  732.34,   732.58,   484.15
  730.04,   732.72,   609.13
  727.74,   732.85,   734.11
  851.58,   479.80,   486.62
  849.28,   479.93,   611.60
  846.98,   480.07,   736.58
  854.43,   604.76,   486.54
  852.13,   604.90,   611.52
  849.83,   605.04,   736.50
  857.29,   729.73,   486.46
  854.99,   729.87,   611.43
  852.69,   730.00,   736.41
  598.74,   468.53,   597.09
  603.09,   467.10,   722.00
  607.45,   465.68,   846.92
  596.78,   593.50,   598.58
  601.13,   592.08,   723.50
  605.48,   590.66,   848.41
  594.81,   718.48,   600.07
  599.16,   717.06,   724.99
  603.52,   715.63,   849.90
  723.65,   470.54,   592.76
  728.00,   469.12,   717.68
  732.36,   467.70,   842.59
  721.68,   595.52,   594.25
  726.04,   594.10,   719.17
  730.39,   592.67,   844.08
  719.72,   720.49,   595.74
  724.07,   719.07,   720.66
  728.42,   717.65,   845.57
  848.56,   472.56,   588.43
  852.91,   471.14,   713.35
  857.26,   469.71,   838.26
  846.59,   597.53,   589.92
  850.95,   596.11,   714.84
  855.30,   594.69,   839.75
  844.63,   722.51,   591.41
  848.98,   721.09,   716.33
  853.33,   719.67,   841.24
  590.95,   591.27,    92.82
  589.54,   588.91,   217.79
  588.13,   586.55,   342.76
  592.43,   716.23,    95.20
  591.03,   713.88,   220.17
  589.62,   711.52,   345.14
  593.92,   841.20,    97.57
  592.51,   838.84,   222.54
  591.10,   836.49,   347.51
  715.93,   589.75,    94.20
  714.53,   587.40,   219.17
  713.12,   585.04,   344.14
  717.42,   714.72,    96.58
  716.01,   712.36,   221.55
  714.60,   710.01,   346.52
  718.90,   839.69,    98.95
  717.49,   837.33,   223.92
  716.09,   834.97,   348.89
  840.92,   588.24,    95.58
  839.51,   585.89,   220.55
  838.10,   583.53,   345.52
  842.40,   713.21,    97.96
  840.99,   710.85,   222.93
  839.58,   708.50,   347.89
  843.89,   838.18,   100.33
  842.48,   835.82,   225.30
  841.07,   833.46,   350.27
  594.11,   603.55,   223.60
  591.38,   599.94,   348.52
  588.65,   596.32,   473.44
  593.56,   728.50,   227.21
  590.83,   724.88,   352.13
  588.10,   721.26,   477.04
  593.01,   853.45,   230.81
  590.28,   849.83,   355.73
  587.55,   846.21,   480.65
  719.08,   604.02,   226.35
  716.35,   600.41,   351.27
  713.62,   596.79,   476.18
  718.53,   728.97,   229.95
  715.80,   725.35,   354.87
  713.07,   721.74,   479.79
  717.98,   853.92,   233.56
  715.25,   850.30,   358.48
  712.52,   846.68,   483.40
  844.05,   604.50,   229.09
  841.32,   600.88,   354.01
  838.59,   597.26,   478.93
  843.50,   729.44,   232.70
  840.77,   725.82,   357.62
  838.04,   722.21,   482.54
  842.95,   854.39,   236.31
  840.22,   850.77,   361.22
  837.49,   847.15,   486.14
  592.40,   603.56,   349.88
  594.88,   601.28,   474.84
  597.36,   598.99,   599.79
  588.74,   728.49,   352.24
  591.22,   726.20,   477.20
  593.70,   723.91,   602.15
  585.07,   853.41,   354.60
  587.55,   851.13,   479.55
  590.04,   848.84,   604.51
  717.32,   607.27,   347.47
  719.80,   604.99,   472.42
  722.28,   602.70,   597.38
  713.66,   732.20,   349.83
  716.14,   729.91,   474.78
  718.62,   727.62,   599.74
  710.00,   857.12,   352.19
  712.48,   854.83,   477.14
  714.96,   852.55,   602.10
  842.24,   610.98,   345.06
  844.72,   608.69,   470.01
  847.20,   606.41,   594.97
  838.58,   735.91,   347.42
  841.06,   733.62,   472.37
  843.54,   731.33,   597.33
  834.92,   860.83,   349.78
  837.40,   858.54,   474.73
  839.88,   856.26,   599.69
  608.40,   594.09,   479.95
  607.92,   593.66,   604.95
  607.44,   593.23,   729.95
  610.95,   719.07,   480.39
  610.47,   718.63,   605.39
  609.98,   718.20,   730.39
  613.49,   844.04,   480.84
  613.01,   843.61,   605.83
  612.53,   843.18,   730.83
  733.37,   591.54,   480.43
  732.89,   591.11,   605.42
  732.41,   590.68,   730.42
  735.92,   716.52,   480.87
  735.44,   716.08,   605.87
  734.96,   715.65,   730.86
  738.47,   841.49,   481.31
  737.99,   841.06,   606.31
  737.51,   840.63,   731.31
  858.34,   588.99,   480.90
  857.86,   588.56,   605.90
  857.38,   588.13,   730.89
  860.89,   713.97,   481.34
  860.41,   713.53,   606.34
  859.93,   713.10,   731.34
  863.44,   838.94,   481.78
  862.96,   838.51,   606.78
  862.48,   838.08,   731.78
  590.68,   603.13,   598.18
  588.64,   602.77,   723.17
  586.60,   602.41,   848.15
  592.91,   728.11,   598.58
  590.88,   727.74,   723.56
  588.84,   727.38,   848.55
  595.15,   853.08,   598.98
  593.11,   852.72,   723.96
  591.07,   852.36,   848.94
  715.64,   600.89,   600.22
  713.61,   600.53,   725.20
  711.57,   600.17,   850.18
  717.88,   725.87,   600.61
  715.84,   725.51,   725.60
  713.80,   725.14,   850.58
  720.11,   850.84,   601.01
  718.07,   850.48,   725.99
  716.03,   850.12,   850.97
  840.61,   598.65,   602.25
  838.57,   598.29,   727.23
  836.53,   597.93,   852.21
  842.84,   723.63,   602.64
  840.80,   723.27,   727.63
  838.76,   722.91,   852.61
  845.08,   848.61,   603.04
  843.04,   848.24,   728.02
  841.00,   847.88,   853.01
