27, 125, pa2-unknown-j-output1.txt
  195.33,   192.56,   199.54
  395.60,   391.20,   205.10
   92.67,    96.90,    97.90
   90.19,    96.86,   222.87
   87.70,    96.81,   347.85
   92.91,   221.90,    97.95
   90.42,   221.86,   222.92
   87.93,   221.81,   347.90
   93.14,   346.90,    98.00
   90.65,   346.85,   222.97
   88.16,   346.81,   347.95
  217.65,    96.67,   100.39
  215.16,    96.62,   225.36
  212.67,    96.58,   350.34
  217.88,   221.67,   100.44
  215.39,   221.62,   225.41
  212.91,   221.58,   350.39
  218.11,   346.67,   100.49
  215.62,   346.62,   225.46
  213.14,   346.58,   350.44
  342.62,    96.44,   102.87
  340.14,    96.39,   227.85
  337.65,    96.34,   352.82
  342.86,   221.44,   102.92
  340.37,   221.39,   227.90
  337.88,   221.34,   352.87
  343.09,   346.44,   102.98
  340.60,   346.39,   227.95
  338.11,   346.34,   352.93
   98.33,    99.75,   224.38
   95.88,   103.13,   349.31
   93.43,   106.50,   474.24
  100.16,   224.69,   221.04
   97.71,   228.07,   345.97
   95.26,   231.45,   470.90
  101.99,   349.63,   217.70
   99.54,   353.01,   342.63
   97.08,   356.39,   467.56
  223.30,    97.99,   226.88
  220.84,   101.36,   351.81
  218.39,   104.74,   476.75
  225.12,   222.93,   223.54
  222.67,   226.31,   348.47
  220.22,   229.68,   473.40
  226.95,   347.87,   220.20
  224.50,   351.25,   345.13
  222.05,   354.63,   470.06
  348.26,    96.22,   229.39
  345.81,    99.60,   354.32
  343.35,   102.98,   479.25
  350.09,   221.17,   226.04
  347.63,   224.54,   350.97
  345.18,   227.92,   475.90
  351.92,   346.11,   222.70
  349.46,   349.49,   347.63
  347.01,   352.86,   472.56
  101.43,    94.95,   347.94
   98.86,    99.13,   472.84
   96.30,   103.31,   597.75
  100.26,   219.88,   343.73
   97.70,   224.06,   468.64
   95.13,   228.24,   593.54
   99.10,   344.80,   339.53
   96.53,   348.98,   464.43
   93.96,   353.16,   589.34
  226.40,    96.21,   350.46
  223.83,   100.38,   475.37
  221.26,   104.56,   600.27
  225.23,   221.13,   346.26
  222.66,   225.31,   471.16
  220.10,   229.49,   596.07
  224.06,   346.05,   342.06
  221.50,   350.23,   466.96
  218.93,   354.41,   591.86
  351.37,    97.46,   352.99
  348.80,   101.64,   477.89
  346.23,   105.82,   602.80
  350.20,   222.38,   348.79
  347.63,   226.56,   473.69
  345.07,   230.74,   598.59
  349.03,   347.31,   344.58
  346.47,   351.48,   469.49
  343.90,   355.66,   594.39
  103.22,   100.21,   474.62
  102.39,   103.64,   599.57
  101.57,   107.07,   724.52
  102.86,   225.16,   471.19
  102.03,   228.59,   596.14
  101.21,   232.02,   721.09
  102.50,   350.11,   467.75
  101.67,   353.54,   592.70
  100.85,   356.98,   717.65
  228.22,   100.59,   475.44
  227.39,   104.02,   600.39
  226.56,   107.45,   725.34
  227.86,   225.54,   472.00
  227.03,   228.97,   596.95
  226.20,   232.41,   721.90
  227.50,   350.50,   468.57
  226.67,   353.93,   593.52
  225.84,   357.36,   718.47
  353.21,   100.97,   476.25
  352.39,   104.41,   601.20
  351.56,   107.84,   726.15
  352.85,   225.93,   472.82
  352.03,   229.36,   597.77
  351.20,   232.79,   722.72
  352.49,   350.88,   469.39
  351.67,   354.31,   594.34
  350.84,   357.74,   719.29
  106.37,    97.53,   599.85
  102.06,   100.27,   724.75
   97.75,   103.01,   849.64
  103.73,   222.47,   597.02
   99.43,   225.21,   721.91
   95.12,   227.95,   846.81
  101.10,   347.41,   594.18
   96.79,   350.15,   719.08
   92.48,   352.89,   843.97
  231.27,   100.26,   604.10
  226.96,   103.00,   728.99
  222.65,   105.74,   853.89
  228.63,   225.20,   601.26
  224.32,   227.94,   726.16
  220.02,   230.68,   851.05
  226.00,   350.14,   598.43
  221.69,   352.88,   723.32
  217.38,   355.62,   848.22
  356.16,   102.99,   608.35
  351.86,   105.73,   733.24
  347.55,   108.48,   858.14
  353.53,   227.93,   605.51
  349.22,   230.67,   730.41
  344.92,   233.42,   855.30
  350.89,   352.87,   602.67
  346.59,   355.61,   727.57
  342.28,   358.36,   852.47
  108.40,   223.83,   101.09
  108.60,   223.48,   226.09
  108.80,   223.13,   351.09
  111.15,   348.80,   101.44
  111.35,   348.45,   226.44
  111.55,   348.10,   351.43
  113.89,   473.77,   101.78
  114.09,   473.42,   226.78
  114.29,   473.07,   351.78
  233.37,   221.08,   100.88
  233.57,   220.73,   225.88
  233.77,   220.38,   350.88
  236.11,   346.05,   101.23
  236.32,   345.70,   226.23
  236.52,   345.35,   351.23
  238.86,   471.02,   101.57
  239.06,   470.67,   226.57
  239.26,   470.32,   351.57
  358.34,   218.33,   100.67
  358.54,   217.98,   225.67
  358.74,   217.63,   350.67
  361.08,   343.30,   101.02
  361.29,   342.95,   226.02
  361.49,   342.60,   351.02
  363.83,   468.27,   101.36
  364.03,   467.92,   226.36
  364.23,   467.57,   351.36
  112.18,   228.20,   226.30
  110.99,   227.96,   351.29
  109.80,   227.71,   476.29
  112.65,   353.20,   226.55
  111.46,   352.96,   351.54
  110.26,   352.71,   476.53
  113.11,   478.20,   226.79
  111.92,   477.96,   351.79
  110.73,   477.71,   476.78
  237.17,   227.73,   227.49
  235.98,   227.49,   352.48
  234.79,   227.25,   477.48
  237.64,   352.73,   227.74
  236.45,   352.49,   352.73
  235.26,   352.24,   477.72
  238.10,   477.73,   227.98
  236.91,   477.49,   352.98
  235.72,   477.24,   477.97
  362.17,   227.27,   228.68
  360.98,   227.02,   353.67
  359.79,   226.78,   478.66
  362.63,   352.27,   228.93
  361.44,   352.02,   353.92
  360.25,   351.78,   478.91
  363.10,   477.27,   229.17
  361.91,   477.02,   354.17
  360.72,   476.78,   479.16
  106.14,   226.16,   352.85
  102.42,   223.92,   477.77
   98.69,   221.68,   602.70
  104.29,   351.13,   355.04
  100.57,   348.89,   479.96
   96.84,   346.65,   604.89
  102.44,   476.10,   357.22
   98.72,   473.85,   482.15
   94.99,   471.61,   607.07
  231.07,   227.95,   356.61
  227.35,   225.70,   481.53
  223.62,   223.46,   606.46
  229.22,   352.91,   358.79
  225.50,   350.67,   483.72
  221.77,   348.43,   608.64
  227.37,   477.88,   360.98
  223.65,   475.64,   485.91
  219.92,   473.40,   610.83
  356.00,   229.73,   360.36
  352.28,   227.49,   485.29
  348.55,   225.25,   610.21
  354.15,   354.70,   362.55
  350.43,   352.46,   487.48
  346.70,   350.21,   612.40
  352.30,   479.66,   364.74
  348.58,   477.42,   489.66
  344.85,   475.18,   614.59
   96.49,   235.75,   478.74
   93.80,   236.41,   603.71
   91.10,   237.08,   728.68
   94.91,   360.74,   478.04
   92.21,   361.40,   603.01
   89.51,   362.07,   727.98
   93.32,   485.73,   477.34
   90.62,   486.39,   602.31
   87.93,   487.06,   727.28
  221.45,   237.35,   481.43
  218.76,   238.02,   606.40
  216.06,   238.68,   731.37
  219.87,   362.34,   480.73
  217.17,   363.00,   605.70
  214.48,   363.67,   730.67
  218.28,   487.33,   480.03
  215.58,   487.99,   605.00
  212.89,   488.66,   729.97
  346.41,   238.95,   484.12
  343.72,   239.62,   609.09
  341.02,   240.28,   734.05
  344.83,   363.94,   483.42
  342.13,   364.61,   608.39
  339.44,   365.27,   733.36
  343.24,   488.93,   482.72
  340.54,   489.59,   607.69
  337.85,   490.26,   732.66
   92.34,   217.58,   596.11
   94.41,   216.05,   721.08
   96.48,   214.51,   846.06
   90.40,   342.56,   597.67
   92.47,   341.02,   722.65
   94.54,   339.49,   847.62
   88.46,   467.53,   599.24
   90.53,   466.00,   724.21
   92.60,   464.46,   849.19
  217.31,   219.54,   594.06
  219.38,   218.01,   719.03
  221.45,   216.48,   844.01
  215.37,   344.52,   595.63
  217.44,   342.99,   720.60
  219.51,   341.45,   845.57
  213.43,   469.49,   597.19
  215.50,   467.96,   722.16
  217.57,   466.43,   847.14
  342.27,   221.51,   592.01
  344.35,   219.97,   716.99
  346.42,   218.44,   841.96
  340.33,   346.48,   593.58
  342.41,   344.95,   718.55
  344.48,   343.42,   843.53
  338.40,   471.46,   595.14
  340.47,   469.93,   720.12
  342.54,   468.39,   845.09
  109.30,   342.58,    97.21
  111.30,   344.48,   222.18
  113.29,   346.38,   347.15
  109.92,   467.57,    95.31
  111.92,   469.47,   220.28
  113.92,   471.36,   345.24
  110.54,   592.55,    93.40
  112.54,   594.45,   218.37
  114.54,   596.35,   343.34
  234.28,   341.93,    95.23
  236.28,   343.83,   220.20
  238.28,   345.73,   345.17
  234.90,   466.92,    93.32
  236.90,   468.81,   218.29
  238.90,   470.71,   343.26
  235.53,   591.90,    91.41
  237.52,   593.80,   216.38
  239.52,   595.69,   341.35
  359.26,   341.28,    93.24
  361.26,   343.18,   218.21
  363.26,   345.07,   343.18
  359.89,   466.26,    91.33
  361.88,   468.16,   216.30
  363.88,   470.06,   341.27
  360.51,   591.25,    89.42
  362.51,   593.14,   214.39
  364.50,   595.04,   339.36
   94.10,   345.54,   223.11
   96.36,   349.11,   348.04
   98.63,   352.69,   472.97
   92.77,   470.48,   219.56
   95.04,   474.06,   344.49
   97.30,   477.63,   469.42
   91.45,   595.42,   216.01
   93.71,   599.00,   340.93
   95.98,   602.58,   465.86
  219.07,   346.80,   220.81
  221.33,   350.37,   345.74
  223.60,   353.95,   470.67
  217.74,   471.74,   217.26
  220.01,   475.32,   342.18
  222.28,   478.89,   467.11
  216.42,   596.68,   213.70
  218.69,   600.26,   338.63
  220.95,   603.83,   463.56
  344.04,   348.06,   218.51
  346.31,   351.63,   343.43
  348.57,   355.21,   468.36
  342.72,   473.00,   214.95
  344.98,   476.57,   339.88
  347.25,   480.15,   464.81
  341.39,   597.94,   211.40
  343.66,   601.52,   336.33
  345.93,   605.09,   461.26
   98.58,   348.74,   350.34
   98.82,   347.30,   475.33
   99.06,   345.85,   600.32
  102.00,   473.69,   351.77
  102.24,   472.24,   476.76
  102.47,   470.80,   601.76
  105.42,   598.63,   353.21
  105.65,   597.19,   478.20
  105.89,   595.74,   603.19
  223.53,   345.33,   350.06
  223.77,   343.88,   475.05
  224.01,   342.44,   600.04
  226.95,   470.27,   351.49
  227.19,   468.83,   476.49
  227.43,   467.38,   601.48
  230.37,   595.22,   352.93
  230.61,   593.77,   477.92
  230.85,   592.33,   602.91
  348.49,   341.91,   349.78
  348.72,   340.47,   474.77
  348.96,   339.02,   599.76
  351.90,   466.86,   351.22
  352.14,   465.41,   476.21
  352.38,   463.97,   601.20
  355.32,   591.80,   352.65
  355.56,   590.36,   477.64
  355.80,   588.91,   602.64
  108.91,   347.16,   475.81
  110.65,   347.28,   600.80
  112.39,   347.41,   725.79
  108.46,   472.16,   475.69
  110.20,   472.28,   600.68
  111.94,   472.41,   725.67
  108.01,   597.16,   475.57
  109.75,   597.28,   600.56
  111.49,   597.41,   725.55
  233.90,   347.60,   474.07
  235.64,   347.73,   599.06
  237.37,   347.86,   724.05
  233.45,   472.60,   473.95
  235.19,   472.73,   598.94
  236.93,   472.86,   723.93
  233.00,   597.60,   473.83
  234.74,   597.73,   598.82
  236.48,   597.86,   723.81
  358.88,   348.05,   472.33
  360.62,   348.18,   597.32
  362.36,   348.30,   722.31
  358.44,   473.05,   472.21
  360.17,   473.18,   597.20
  361.91,   473.30,   722.19
  357.99,   598.05,   472.09
  359.73,   598.18,   597.08
  361.46,   598.30,   722.07
  104.00,   349.24,   598.94
  100.21,   351.54,   723.86
   96.41,   353.84,   848.78
  107.96,   474.16,   596.76
  104.17,   476.46,   721.68
  100.38,   478.76,   846.60
  111.92,   599.08,   594.58
  108.13,   601.38,   719.50
  104.34,   603.68,   844.43
  228.88,   345.35,   602.80
  225.09,   347.65,   727.72
  221.29,   349.95,   852.64
  232.84,   470.27,   600.62
  229.05,   472.57,   725.54
  225.26,   474.87,   850.47
  236.80,   595.19,   598.45
  233.01,   597.49,   723.37
  229.22,   599.78,   848.29
  353.76,   341.46,   606.66
  349.97,   343.76,   731.58
  346.17,   346.05,   856.51
  357.72,   466.38,   604.48
  353.93,   468.68,   729.41
  350.13,   470.97,   854.33
  361.68,   591.30,   602.31
  357.89,   593.59,   727.23
  354.10,   595.89,   852.15
   97.35,   473.41,    98.44
   95.41,   471.38,   223.41
   93.48,   469.35,   348.37
   97.27,   598.40,   100.47
   95.34,   596.37,   225.44
   93.40,   594.33,   350.40
   97.19,   723.38,   102.50
   95.26,   721.35,   227.47
   93.32,   719.32,   352.43
  222.33,   473.46,   100.37
  220.40,   471.43,   225.34
  218.47,   469.40,   350.31
  222.25,   598.44,   102.40
  220.32,   596.41,   227.37
  218.39,   594.38,   352.34
  222.17,   723.43,   104.43
  220.24,   721.40,   229.40
  218.31,   719.37,   354.37
  347.32,   473.51,   102.30
  345.38,   471.48,   227.27
  343.45,   469.45,   352.24
  347.24,   598.49,   104.33
  345.31,   596.46,   229.30
  343.37,   594.43,   354.27
  347.16,   723.48,   106.36
  345.23,   721.44,   231.33
  343.29,   719.41,   356.30
  104.46,   482.43,   229.98
  101.13,   481.55,   354.94
   97.79,   480.67,   479.89
   99.51,   607.33,   230.73
   96.17,   606.45,   355.69
   92.84,   605.57,   480.64
   94.55,   732.23,   231.48
   91.21,   731.35,   356.44
   87.88,   730.47,   481.39
  229.32,   487.37,   233.35
  225.99,   486.49,   358.30
  222.65,   485.60,   483.26
  224.36,   612.27,   234.10
  221.03,   611.38,   359.05
  217.69,   610.50,   484.01
  219.41,   737.17,   234.85
  216.07,   736.28,   359.80
  212.74,   735.40,   484.76
  354.18,   492.30,   236.72
  350.84,   491.42,   361.67
  347.51,   490.54,   486.62
  349.22,   617.20,   237.47
  345.89,   616.32,   362.42
  342.55,   615.44,   487.37
  344.26,   742.10,   238.22
  340.93,   741.22,   363.17
  337.59,   740.34,   488.12
  100.04,   488.65,   355.75
  101.87,   488.17,   480.73
  103.70,   487.68,   605.72
   96.02,   613.59,   356.29
   97.85,   613.10,   481.28
   99.68,   612.61,   606.26
   91.99,   738.52,   356.84
   93.82,   738.03,   481.82
   95.65,   737.55,   606.81
  224.96,   492.68,   353.93
  226.79,   492.20,   478.92
  228.62,   491.71,   603.91
  220.94,   617.62,   354.48
  222.77,   617.13,   479.47
  224.60,   616.64,   604.45
  216.91,   742.55,   355.02
  218.74,   742.07,   480.01
  220.57,   741.58,   605.00
  349.88,   496.72,   352.12
  351.71,   496.23,   477.11
  353.54,   495.74,   602.09
  345.86,   621.65,   352.67
  347.69,   621.16,   477.65
  349.52,   620.68,   602.64
  341.84,   746.58,   353.21
  343.67,   746.10,   478.20
  345.49,   745.61,   603.18
   94.18,   481.77,   477.53
   94.67,   482.25,   602.53
   95.15,   482.73,   727.53
   93.69,   606.76,   477.05
   94.18,   607.24,   602.05
   94.66,   607.73,   727.05
   93.21,   731.76,   476.57
   93.69,   732.24,   601.57
   94.18,   732.72,   726.57
  219.18,   482.25,   477.04
  219.67,   482.73,   602.04
  220.15,   483.21,   727.04
  218.69,   607.25,   476.56
  219.18,   607.73,   601.56
  219.66,   608.21,   726.56
  218.20,   732.25,   476.08
  218.69,   732.73,   601.08
  219.17,   733.21,   726.08
  344.18,   482.74,   476.56
  344.66,   483.22,   601.55
  345.15,   483.70,   726.55
  343.69,   607.74,   476.08
  344.18,   608.22,   601.08
  344.66,   608.70,   726.07
  343.20,   732.73,   475.60
  343.69,   733.22,   600.60
  344.17,   733.70,   725.59
   89.80,   470.97,   597.11
   93.89,   470.73,   722.04
   97.98,   470.48,   846.97
   90.00,   595.97,   597.35
   94.09,   595.73,   722.28
   98.18,   595.48,   847.21
   90.20,   720.97,   597.59
   94.29,   720.73,   722.52
   98.38,   720.48,   847.45
  214.74,   470.78,   593.02
  218.83,   470.54,   717.95
  222.92,   470.29,   842.88
  214.94,   595.78,   593.26
  219.03,   595.54,   718.19
  223.12,   595.29,   843.12
  215.13,   720.78,   593.50
  219.22,   720.54,   718.43
  223.31,   720.29,   843.36
  339.67,   470.59,   588.93
  343.76,   470.35,   713.86
  347.85,   470.10,   838.79
  339.87,   595.59,   589.17
  343.96,   595.35,   714.10
  348.05,   595.10,   839.03
  340.07,   720.59,   589.40
  344.16,   720.35,   714.34
  348.25,   720.10,   839.27
  101.60,   588.18,    95.30
  103.26,   586.35,   220.28
  104.92,   584.51,   345.26
  102.45,   713.17,    97.13
  104.11,   711.33,   222.11
  105.77,   709.50,   347.08
  103.31,   838.15,    98.96
  104.97,   836.32,   223.93
  106.63,   834.48,   348.91
  226.58,   587.35,    93.63
  228.24,   585.52,   218.61
  229.90,   583.68,   343.58
  227.44,   712.34,    95.46
  229.10,   710.50,   220.43
  230.76,   708.66,   345.41
  228.29,   837.32,    97.28
  229.96,   835.48,   222.26
  231.62,   833.65,   347.23
  351.57,   586.52,    91.96
  353.23,   584.68,   216.93
  354.89,   582.85,   341.91
  352.42,   711.50,    93.78
  354.08,   709.67,   218.76
  355.75,   707.83,   343.74
  353.28,   836.49,    95.61
  354.94,   834.65,   220.59
  356.60,   832.81,   345.56
  112.55,   592.41,   221.90
  111.39,   589.80,   346.86
  110.24,   587.19,   471.83
  115.17,   717.35,   224.53
  114.02,   714.74,   349.50
  112.86,   712.14,   474.46
  117.79,   842.30,   227.16
  116.64,   839.69,   352.13
  115.49,   837.08,   477.09
  237.51,   589.76,   222.99
  236.36,   587.15,   347.96
  235.21,   584.54,   472.93
  240.14,   714.70,   225.63
  238.98,   712.10,   350.59
  237.83,   709.49,   475.56
  242.76,   839.65,   228.26
  241.61,   837.04,   353.23
  240.45,   834.43,   478.19
  362.48,   587.11,   224.09
  361.33,   584.50,   349.06
  360.17,   581.90,   474.03
  365.11,   712.06,   226.72
  363.95,   709.45,   351.69
  362.80,   706.84,   476.66
  367.73,   837.00,   229.36
  366.58,   834.39,   354.32
  365.42,   831.79,   479.29
   99.00,   599.76,   350.77
   99.02,   596.87,   475.74
   99.03,   593.98,   600.70
  100.29,   724.72,   353.66
  100.30,   721.83,   478.63
  100.32,   718.94,   603.60
  101.57,   849.68,   356.55
  101.59,   846.79,   481.52
  101.61,   843.90,   606.49
  223.99,   598.48,   350.72
  224.01,   595.58,   475.69
  224.03,   592.69,   600.66
  225.28,   723.44,   353.61
  225.30,   720.54,   478.58
  225.32,   717.65,   603.55
  226.57,   848.40,   356.50
  226.58,   845.50,   481.47
  226.60,   842.61,   606.44
  348.98,   597.19,   350.68
  349.00,   594.30,   475.64
  349.02,   591.41,   600.61
  350.27,   722.15,   353.57
  350.29,   719.26,   478.53
  350.31,   716.37,   603.50
  351.56,   847.11,   356.46
  351.58,   844.22,   481.42
  351.60,   841.33,   606.39
   93.61,   595.40,   473.53
   93.16,   592.85,   598.50
   92.71,   590.30,   723.48
   96.09,   720.35,   476.09
   95.64,   717.80,   601.06
   95.20,   715.25,   726.04
   98.57,   845.30,   478.65
   98.13,   842.75,   603.62
   97.68,   840.20,   728.59
  218.58,   592.90,   473.93
  218.13,   590.36,   598.90
  217.69,   587.81,   723.87
  221.06,   717.85,   476.48
  220.62,   715.30,   601.46
  220.17,   712.75,   726.43
  223.55,   842.80,   479.04
  223.10,   840.25,   604.02
  222.66,   837.70,   728.99
  343.55,   590.41,   474.32
  343.11,   587.86,   599.29
  342.66,   585.31,   724.27
  346.04,   715.36,   476.88
  345.59,   712.81,   601.85
  345.15,   710.26,   726.82
  348.52,   840.31,   479.44
  348.08,   837.76,   604.41
  347.63,   835.21,   729.38
  102.37,   594.73,   597.57
  100.02,   597.80,   722.51
   97.67,   600.87,   847.45
  106.29,   719.64,   594.58
  103.94,   722.70,   719.52
  101.59,   725.77,   844.46
  110.21,   844.54,   591.58
  107.86,   847.61,   716.52
  105.51,   850.67,   841.46
  227.28,   590.87,   600.01
  224.94,   593.94,   724.95
  222.59,   597.01,   849.89
  231.20,   715.77,   597.02
  228.85,   718.84,   721.96
  226.51,   721.91,   846.90
  235.12,   840.68,   594.03
  232.77,   843.74,   718.97
  230.43,   846.81,   843.91
  352.20,   587.01,   602.46
  349.85,   590.08,   727.40
  347.50,   593.15,   852.34
  356.12,   711.91,   599.46
  353.77,   714.98,   724.40
  351.42,   718.05,   849.34
  360.04,   836.82,   596.47
  357.69,   839.88,   721.41
  355.34,   842.95,   846.35
  235.75,   112.35,   102.13
  234.62,   107.80,   227.05
  233.49,   103.26,   351.96
  233.02,   237.23,   106.65
  231.90,   232.69,   231.57
  230.77,   228.15,   356.48
  230.30,   362.12,   111.17
  229.17,   357.58,   236.08
  228.04,   353.03,   361.00
  360.71,   115.03,   103.36
  359.59,   110.49,   228.27
  358.46,   105.94,   353.18
  357.99,   239.92,   107.88
  356.86,   235.37,   232.79
  355.73,   230.83,   357.70
  355.26,   364.81,   112.40
  354.13,   360.26,   237.31
  353.01,   355.72,   362.22
  485.68,   117.71,   104.58
  484.55,   113.17,   229.50
  483.43,   108.62,   354.41
  482.95,   242.60,   109.10
  481.83,   238.06,   234.02
  480.70,   233.51,   358.93
  480.23,   367.49,   113.62
  479.10,   362.95,   238.53
  477.97,   358.40,   363.45
  223.83,   104.04,   226.34
  220.79,   104.23,   351.30
  217.75,   104.41,   476.26
  220.89,   229.01,   226.08
  217.85,   229.19,   351.05
  214.81,   229.37,   476.01
  217.94,   353.97,   225.83
  214.90,   354.15,   350.79
  211.86,   354.34,   475.75
  348.76,   106.99,   229.37
  345.72,   107.18,   354.34
  342.68,   107.36,   479.30
  345.81,   231.96,   229.12
  342.77,   232.14,   354.08
  339.73,   232.33,   479.04
  342.87,   356.92,   228.86
  339.83,   357.11,   353.82
  336.79,   357.29,   478.79
  473.69,   109.95,   232.41
  470.65,   110.13,   357.37
  467.61,   110.32,   482.33
  470.74,   234.91,   232.15
  467.70,   235.10,   357.11
  464.66,   235.28,   482.08
  467.79,   359.88,   231.90
  464.75,   360.06,   356.86
  461.71,   360.25,   481.82
  227.06,   110.11,   352.41
  226.40,   112.53,   477.38
  225.74,   114.94,   602.36
  230.35,   235.04,   350.01
  229.69,   237.46,   474.99
  229.03,   239.87,   599.96
  233.64,   359.98,   347.61
  232.98,   362.39,   472.59
  232.32,   364.81,   597.56
  352.01,   106.83,   353.13
  351.35,   109.25,   478.11
  350.69,   111.66,   603.08
  355.30,   231.77,   350.73
  354.64,   234.18,   475.71
  353.98,   236.60,   600.68
  358.59,   356.70,   348.34
  357.93,   359.12,   473.31
  357.27,   361.53,   598.29
  476.97,   103.56,   353.85
  476.31,   105.97,   478.83
  475.65,   108.39,   603.80
  480.26,   228.49,   351.46
  479.60,   230.91,   476.43
  478.94,   233.32,   601.41
  483.55,   353.42,   349.06
  482.89,   355.84,   474.04
  482.23,   358.25,   599.01
  216.73,    99.13,   473.64
  220.00,    96.83,   598.57
  223.27,    94.54,   723.51
  214.70,   224.09,   475.99
  217.97,   221.79,   600.92
  221.24,   219.50,   725.86
  212.66,   349.05,   478.34
  215.94,   346.75,   603.27
  219.21,   344.46,   728.21
  341.67,   101.22,   470.40
  344.94,    98.92,   595.34
  348.21,    96.63,   720.28
  339.64,   226.18,   472.75
  342.91,   223.89,   597.69
  346.18,   221.59,   722.62
  337.60,   351.14,   475.10
  340.88,   348.85,   600.04
  344.15,   346.55,   724.97
  466.61,   103.31,   467.17
  469.88,   101.02,   592.11
  473.15,    98.72,   717.04
  464.58,   228.27,   469.52
  467.85,   225.98,   594.45
  471.12,   223.68,   719.39
  462.54,   353.24,   471.87
  465.82,   350.94,   596.80
  469.09,   348.65,   721.74
  232.53,   103.13,   602.75
  231.35,   100.18,   727.71
  230.16,    97.22,   852.67
  230.27,   228.07,   605.68
  229.09,   225.12,   730.64
  227.90,   222.17,   855.60
  228.01,   353.02,   608.61
  226.83,   350.07,   733.57
  225.65,   347.11,   858.53
  357.50,   105.36,   603.99
  356.32,   102.41,   728.95
  355.14,    99.45,   853.91
  355.24,   230.30,   606.92
  354.06,   227.35,   731.88
  352.88,   224.40,   856.84
  352.98,   355.25,   609.85
  351.80,   352.30,   734.81
  350.62,   349.34,   859.77
  482.48,   107.59,   605.22
  481.29,   104.64,   730.18
  480.11,   101.69,   855.14
  480.22,   232.54,   608.15
  479.03,   229.58,   733.11
  477.85,   226.63,   858.07
  477.96,   357.48,   611.08
  476.78,   354.53,   736.04
  475.59,   351.58,   861.00
  220.10,   221.20,   101.01
  219.72,   223.66,   225.98
  219.34,   226.12,   350.96
  219.90,   346.17,    98.54
  219.52,   348.64,   223.52
  219.14,   351.10,   348.49
  219.70,   471.15,    96.08
  219.32,   473.61,   221.06
  218.94,   476.07,   346.03
  345.10,   221.40,   101.38
  344.72,   223.87,   226.36
  344.33,   226.33,   351.33
  344.90,   346.38,    98.92
  344.52,   348.84,   223.90
  344.14,   351.30,   348.87
  344.70,   471.36,    96.46
  344.32,   473.82,   221.43
  343.94,   476.28,   346.41
  470.10,   221.61,   101.76
  469.72,   224.07,   226.74
  469.33,   226.54,   351.71
  469.90,   346.59,    99.30
  469.52,   349.05,   224.27
  469.13,   351.51,   349.25
  469.70,   471.56,    96.84
  469.32,   474.02,   221.81
  468.94,   476.49,   346.79
  224.08,   222.72,   222.43
  224.93,   223.31,   347.42
  225.79,   223.89,   472.42
  220.61,   347.68,   221.87
  221.47,   348.26,   346.86
  222.32,   348.84,   471.86
  217.14,   472.63,   221.31
  218.00,   473.21,   346.31
  218.85,   473.79,   471.30
  349.03,   226.19,   221.55
  349.88,   226.77,   346.55
  350.74,   227.35,   471.54
  345.56,   351.14,   221.00
  346.41,   351.72,   345.99
  347.27,   352.30,   470.99
  342.09,   476.09,   220.44
  342.95,   476.67,   345.43
  343.80,   477.25,   470.43
  473.98,   229.66,   220.68
  474.83,   230.24,   345.68
  475.69,   230.82,   470.67
  470.51,   354.61,   220.12
  471.36,   355.19,   345.12
  472.22,   355.77,   470.11
  467.04,   479.56,   219.57
  467.89,   480.14,   344.56
  468.75,   480.72,   469.56
  227.23,   227.36,   350.29
  227.53,   226.91,   475.29
  227.84,   226.46,   600.29
  226.38,   352.36,   350.74
  226.69,   351.91,   475.74
  226.99,   351.46,   600.74
  225.54,   477.35,   351.19
  225.84,   476.91,   476.19
  226.15,   476.46,   601.19
  352.23,   228.21,   349.99
  352.53,   227.76,   474.99
  352.84,   227.31,   599.99
  351.38,   353.21,   350.44
  351.68,   352.76,   475.44
  351.99,   352.31,   600.44
  350.53,   478.20,   350.89
  350.84,   477.75,   475.89
  351.14,   477.30,   600.89
  477.22,   229.06,   349.69
  477.53,   228.61,   474.69
  477.83,   228.16,   599.69
  476.38,   354.05,   350.14
  476.68,   353.61,   475.14
  476.99,   353.16,   600.14
  475.53,   479.05,   350.59
  475.83,   478.60,   475.59
  476.14,   478.15,   600.59
  225.28,   229.45,   475.81
  227.70,   231.99,   600.76
  230.13,   234.54,   725.71
  225.94,   354.42,   473.25
  228.36,   356.96,   598.20
  230.78,   359.51,   723.15
  226.59,   479.39,   470.69
  229.01,   481.94,   595.64
  231.44,   484.48,   720.59
  350.26,   228.74,   473.40
  352.68,   231.29,   598.35
  355.10,   233.83,   723.30
  350.91,   353.71,   470.84
  353.33,   356.26,   595.79
  355.76,   358.81,   720.74
  351.57,   478.69,   468.28
  353.99,   481.23,   593.23
  356.41,   483.78,   718.18
  475.23,   228.04,   470.99
  477.65,   230.58,   595.94
  480.08,   233.13,   720.89
  475.89,   353.01,   468.43
  478.31,   355.56,   593.38
  480.73,   358.10,   718.33
  476.54,   477.98,   465.87
  478.96,   480.53,   590.82
  481.39,   483.07,   715.77
  225.00,   216.91,   597.33
  226.97,   217.16,   722.32
  228.95,   217.42,   847.30
  222.71,   341.89,   597.12
  224.68,   342.14,   722.10
  226.66,   342.40,   847.08
  220.42,   466.87,   596.90
  222.40,   467.12,   721.88
  224.37,   467.37,   846.87
  349.96,   219.20,   595.35
  351.94,   219.45,   720.34
  353.91,   219.70,   845.32
  347.67,   344.18,   595.14
  349.65,   344.43,   720.12
  351.62,   344.68,   845.10
  345.38,   469.15,   594.92
  347.36,   469.41,   719.90
  349.33,   469.66,   844.89
  474.92,   221.48,   593.37
  476.90,   221.73,   718.36
  478.87,   221.99,   843.34
  472.64,   346.46,   593.16
  474.61,   346.71,   718.14
  476.59,   346.97,   843.13
  470.35,   471.44,   592.94
  472.32,   471.69,   717.92
  474.30,   471.94,   842.91
  215.05,   354.46,   100.30
  219.52,   351.28,   225.18
  223.99,   348.10,   350.06
  213.52,   479.41,   103.53
  217.99,   476.23,   228.41
  222.46,   473.05,   353.29
  211.99,   604.35,   106.77
  216.46,   601.18,   231.65
  220.93,   598.00,   356.53
  339.96,   356.10,    95.87
  344.43,   352.92,   220.75
  348.90,   349.75,   345.63
  338.43,   481.05,    99.10
  342.90,   477.87,   223.98
  347.37,   474.70,   348.86
  336.90,   606.00,   102.34
  341.37,   602.82,   227.22
  345.84,   599.64,   352.10
  464.87,   357.74,    91.44
  469.34,   354.56,   216.32
  473.81,   351.39,   341.20
  463.34,   482.69,    94.67
  467.81,   479.51,   219.55
  472.28,   476.34,   344.43
  461.81,   607.64,    97.91
  466.28,   604.46,   222.79
  470.75,   601.29,   347.67
  223.64,   353.27,   225.45
  222.11,   355.48,   350.42
  220.58,   357.69,   475.40
  225.54,   478.23,   223.27
  224.01,   480.44,   348.24
  222.48,   482.65,   473.21
  227.43,   603.20,   221.08
  225.90,   605.41,   346.05
  224.37,   607.62,   471.03
  348.62,   351.40,   227.02
  347.09,   353.61,   351.99
  345.56,   355.82,   476.96
  350.51,   476.37,   224.83
  348.98,   478.58,   349.80
  347.45,   480.78,   474.77
  352.41,   601.33,   222.65
  350.88,   603.54,   347.62
  349.35,   605.75,   472.59
  473.60,   349.53,   228.58
  472.06,   351.74,   353.55
  470.53,   353.95,   478.52
  475.49,   474.50,   226.40
  473.96,   476.71,   351.37
  472.43,   478.92,   476.34
  477.38,   599.47,   224.21
  475.85,   601.67,   349.18
  474.32,   603.88,   474.15
  222.88,   349.86,   349.60
  222.63,   350.97,   474.59
  222.38,   352.08,   599.59
  220.17,   474.82,   348.48
  219.93,   475.93,   473.48
  219.68,   477.05,   598.47
  217.47,   599.79,   347.36
  217.22,   600.90,   472.36
  216.98,   602.01,   597.35
  347.85,   352.56,   349.82
  347.60,   353.67,   474.82
  347.35,   354.78,   599.81
  345.14,   477.53,   348.70
  344.90,   478.64,   473.70
  344.65,   479.75,   598.69
  342.44,   602.49,   347.59
  342.19,   603.60,   472.58
  341.95,   604.72,   597.58
  472.82,   355.26,   350.05
  472.57,   356.38,   475.04
  472.32,   357.49,   600.03
  470.12,   480.23,   348.93
  469.87,   481.34,   473.92
  469.62,   482.45,   598.92
  467.41,   605.20,   347.81
  467.17,   606.31,   472.81
  466.92,   607.42,   597.80
  219.09,   347.20,   470.46
  223.52,   348.86,   595.37
  227.95,   350.53,   720.28
  220.32,   472.18,   468.75
  224.75,   473.85,   593.66
  229.18,   475.51,   718.57
  221.55,   597.16,   467.04
  225.98,   598.83,   591.95
  230.41,   600.49,   716.86
  344.01,   345.91,   466.04
  348.43,   347.57,   590.95
  352.86,   349.24,   715.86
  345.24,   470.89,   464.33
  349.67,   472.56,   589.24
  354.09,   474.22,   714.15
  346.47,   595.87,   462.62
  350.90,   597.54,   587.53
  355.32,   599.20,   712.44
  468.92,   344.62,   461.63
  473.35,   346.28,   586.54
  477.78,   347.95,   711.45
  470.15,   469.60,   459.92
  474.58,   471.26,   584.83
  479.01,   472.93,   709.74
  471.38,   594.58,   458.21
  475.81,   596.25,   583.12
  480.24,   597.91,   708.03
  226.43,   358.20,   603.44
  225.01,   358.75,   728.43
  223.58,   359.30,   853.42
  223.34,   483.16,   602.85
  221.92,   483.71,   727.84
  220.49,   484.26,   852.83
  220.25,   608.12,   602.27
  218.83,   608.67,   727.26
  217.40,   609.22,   852.25
  351.38,   361.30,   604.85
  349.96,   361.85,   729.84
  348.54,   362.40,   854.83
  348.29,   486.26,   604.26
  346.87,   486.81,   729.25
  345.44,   487.36,   854.25
  345.20,   611.22,   603.68
  343.78,   611.77,   728.67
  342.35,   612.32,   853.66
  476.34,   364.39,   606.26
  474.91,   364.94,   731.25
  473.49,   365.49,   856.24
  473.25,   489.35,   605.67
  471.82,   489.90,   730.66
  470.40,   490.45,   855.66
  470.16,   614.31,   605.09
  468.73,   614.86,   730.08
  467.31,   615.41,   855.07
  213.64,   479.31,   100.00
  218.40,   476.65,   224.88
  223.15,   473.99,   349.76
  211.89,   604.26,   102.73
  216.65,   601.61,   227.61
  221.40,   598.95,   352.49
  210.14,   729.22,   105.45
  214.89,   726.56,   230.34
  219.65,   723.90,   355.22
  338.54,   481.16,    95.28
  343.29,   478.50,   220.17
  348.05,   475.84,   345.05
  336.79,   606.12,    98.01
  341.54,   603.46,   222.89
  346.30,   600.80,   347.77
  335.03,   731.08,   100.74
  339.79,   728.42,   225.62
  344.55,   725.76,   350.50
  463.44,   483.01,    90.57
  468.19,   480.36,   215.45
  472.95,   477.70,   340.33
  461.68,   607.97,    93.29
  466.44,   605.31,   218.17
  471.20,   602.65,   343.06
  459.93,   732.93,    96.02
  464.69,   730.27,   220.90
  469.44,   727.61,   345.78
  234.72,   470.99,   224.94
  235.33,   469.57,   349.93
  235.94,   468.15,   474.92
  235.68,   595.98,   226.35
  236.28,   594.56,   351.35
  236.89,   593.14,   476.34
  236.63,   720.97,   227.77
  237.24,   719.55,   352.76
  237.85,   718.13,   477.75
  359.71,   470.04,   224.32
  360.32,   468.62,   349.31
  360.93,   467.20,   474.30
  360.67,   595.03,   225.74
  361.28,   593.61,   350.73
  361.89,   592.19,   475.72
  361.63,   720.02,   227.15
  362.24,   718.60,   352.14
  362.84,   717.18,   477.13
  484.71,   469.09,   223.70
  485.32,   467.67,   348.69
  485.92,   466.25,   473.68
  485.67,   594.08,   225.12
  486.27,   592.66,   350.11
  486.88,   591.24,   475.10
  486.62,   719.07,   226.53
  487.23,   717.65,   351.52
  487.84,   716.23,   476.51
  227.46,   471.11,   348.20
  226.97,   470.61,   473.20
  226.48,   470.11,   598.20
  228.41,   596.10,   348.70
  227.92,   595.60,   473.70
  227.43,   595.11,   598.70
  229.36,   721.10,   349.20
  228.87,   720.60,   474.20
  228.38,   720.10,   599.20
  352.46,   470.15,   348.69
  351.96,   469.66,   473.69
  351.47,   469.16,   598.68
  353.41,   595.15,   349.19
  352.92,   594.65,   474.19
  352.42,   594.16,   599.19
  354.36,   720.15,   349.69
  353.87,   719.65,   474.69
  353.37,   719.15,   599.69
  477.45,   469.20,   349.18
  476.96,   468.71,   474.18
  476.47,   468.21,   599.17
  478.40,   594.20,   349.68
  477.91,   593.70,   474.68
  477.42,   593.20,   599.68
  479.35,   719.19,   350.18
  478.86,   718.70,   475.18
  478.37,   718.20,   600.18
  228.23,   483.58,   480.40
  229.89,   482.27,   605.38
  231.54,   480.96,   730.36
  230.06,   608.56,   481.68
  231.72,   607.25,   606.67
  233.37,   605.94,   731.65
  231.89,   733.54,   482.97
  233.54,   732.23,   607.95
  235.20,   730.92,   732.93
  353.21,   481.76,   478.72
  354.86,   480.45,   603.70
  356.52,   479.15,   728.69
  355.03,   606.74,   480.01
  356.69,   605.43,   604.99
  358.35,   604.13,   729.97
  356.86,   731.72,   481.29
  358.52,   730.41,   606.27
  360.18,   729.11,   731.26
  478.18,   479.95,   477.05
  479.84,   478.64,   602.03
  481.49,   477.33,   727.01
  480.01,   604.93,   478.33
  481.67,   603.62,   603.31
  483.32,   602.31,   728.30
  481.84,   729.91,   479.62
  483.50,   728.60,   604.60
  485.15,   727.29,   729.58
  229.59,   472.78,   600.25
  228.99,   470.57,   725.23
  228.38,   468.35,   850.21
  232.37,   597.73,   602.48
  231.77,   595.52,   727.46
  231.16,   593.30,   852.43
  235.15,   722.68,   604.70
  234.55,   720.46,   729.68
  233.94,   718.25,   854.66
  354.56,   469.99,   600.80
  353.96,   467.78,   725.78
  353.35,   465.56,   850.76
  357.34,   594.94,   603.03
  356.74,   592.73,   728.01
  356.13,   590.51,   852.99
  360.12,   719.89,   605.26
  359.52,   717.67,   730.24
  358.91,   715.46,   855.22
  479.53,   467.20,   601.36
  478.92,   464.99,   726.34
  478.32,   462.77,   851.31
  482.31,   592.15,   603.59
  481.70,   589.93,   728.56
  481.10,   587.72,   853.54
  485.09,   717.10,   605.81
  484.48,   714.88,   730.79
  483.88,   712.67,   855.77
  244.29,   602.84,   103.65
  239.40,   600.92,   228.54
  234.51,   599.00,   353.43
  242.20,   727.81,   105.49
  237.31,   725.89,   230.38
  232.42,   723.97,   355.27
  240.11,   852.78,   107.33
  235.22,   850.86,   232.22
  230.33,   848.94,   357.11
  369.17,   604.86,   108.57
  364.28,   602.94,   233.46
  359.39,   601.02,   358.35
  367.08,   729.83,   110.42
  362.19,   727.91,   235.30
  357.30,   725.99,   360.19
  364.99,   854.80,   112.26
  360.10,   852.88,   237.15
  355.21,   850.96,   362.04
  494.06,   606.88,   113.50
  489.17,   604.95,   238.39
  484.28,   603.03,   363.28
  491.97,   731.85,   115.34
  487.08,   729.92,   240.23
  482.19,   728.00,   365.12
  489.88,   856.81,   117.18
  484.99,   854.89,   242.07
  480.10,   852.97,   366.96
  230.01,   602.79,   225.85
  232.71,   601.12,   350.81
  235.41,   599.46,   475.77
  232.61,   727.75,   227.46
  235.31,   726.09,   352.42
  238.01,   724.42,   477.38
  235.22,   852.71,   229.07
  237.92,   851.05,   354.03
  240.62,   849.38,   478.99
  354.95,   600.22,   223.11
  357.65,   598.55,   348.07
  360.35,   596.89,   473.03
  357.56,   725.18,   224.72
  360.26,   723.52,   349.68
  362.96,   721.85,   474.64
  360.16,   850.14,   226.33
  362.86,   848.48,   351.29
  365.56,   846.81,   476.25
  479.89,   597.65,   220.38
  482.59,   595.98,   345.34
  485.29,   594.32,   470.30
  482.50,   722.61,   221.99
  485.20,   720.94,   346.95
  487.90,   719.28,   471.91
  485.11,   847.57,   223.60
  487.81,   845.91,   348.56
  490.51,   844.24,   473.52
  227.16,   589.12,   344.12
  226.39,   590.01,   469.12
  225.61,   590.90,   594.11
  229.78,   714.09,   343.25
  229.00,   714.98,   468.24
  228.23,   715.87,   593.24
  232.39,   839.06,   342.37
  231.62,   839.95,   467.37
  230.84,   840.84,   592.36
  352.13,   586.51,   344.92
  351.36,   587.40,   469.91
  350.58,   588.29,   594.90
  354.75,   711.48,   344.04
  353.97,   712.37,   469.03
  353.20,   713.26,   594.03
  357.36,   836.45,   343.17
  356.59,   837.34,   468.16
  355.81,   838.23,   593.15
  477.10,   583.90,   345.71
  476.33,   584.79,   470.70
  475.55,   585.68,   595.70
  479.72,   708.87,   344.83
  478.94,   709.76,   469.83
  478.17,   710.65,   594.82
  482.33,   833.84,   343.96
  481.56,   834.73,   468.95
  480.78,   835.62,   593.95
  221.07,   601.60,   474.23
  222.86,   603.57,   599.20
  224.65,   605.53,   724.17
  220.56,   726.58,   472.27
  222.35,   728.55,   597.24
  224.15,   730.51,   722.21
  220.05,   851.57,   470.31
  221.85,   853.53,   595.28
  223.64,   855.50,   720.25
  346.05,   602.08,   472.42
  347.85,   604.04,   597.39
  349.64,   606.01,   722.37
  345.55,   727.06,   470.47
  347.34,   729.03,   595.44
  349.14,   730.99,   720.41
  345.04,   852.04,   468.51
  346.84,   854.01,   593.48
  348.63,   855.97,   718.45
  471.04,   602.55,   470.62
  472.83,   604.52,   595.59
  474.63,   606.48,   720.56
  470.53,   727.54,   468.66
  472.33,   729.50,   593.63
  474.12,   731.47,   718.61
  470.03,   852.52,   466.71
  471.82,   854.49,   591.68
  473.62,   856.45,   716.65
  224.52,   604.37,   605.44
  222.06,   599.91,   730.34
  219.60,   595.46,   855.24
  228.07,   729.24,   609.97
  225.61,   724.78,   734.87
  223.15,   720.32,   859.76
  231.62,   854.10,   614.50
  229.16,   849.65,   739.39
  226.70,   845.19,   864.29
  349.45,   600.73,   607.78
  346.99,   596.28,   732.67
  344.52,   591.82,   857.57
  353.00,   725.60,   612.30
  350.54,   721.14,   737.20
  348.07,   716.69,   862.09
  356.55,   850.47,   616.83
  354.09,   846.01,   741.72
  351.62,   841.55,   866.62
  474.37,   597.10,   610.11
  471.91,   592.64,   735.00
  469.45,   588.18,   859.90
  477.92,   721.96,   614.63
  475.46,   717.51,   739.53
  473.00,   713.05,   864.43
  481.47,   846.83,   619.16
  479.01,   842.37,   744.06
  476.55,   837.92,   868.95
  356.16,    96.65,   100.08
  352.15,    99.45,   224.98
  348.15,   102.24,   349.89
  354.31,   221.60,    97.22
  350.31,   224.40,   222.13
  346.30,   227.20,   347.03
  352.46,   346.56,    94.36
  348.46,   349.35,   219.27
  344.45,   352.15,   344.17
  481.08,    98.59,   104.04
  477.07,   101.38,   228.94
  473.07,   104.18,   353.85
  479.23,   223.54,   101.18
  475.23,   226.34,   226.09
  471.22,   229.13,   350.99
  477.39,   348.49,    98.33
  473.38,   351.29,   223.23
  469.38,   354.09,   348.14
  606.00,   100.52,   108.00
  602.00,   103.32,   232.91
  597.99,   106.12,   357.81
  604.15,   225.48,   105.15
  600.15,   228.27,   230.05
  596.14,   231.07,   354.96
  602.31,   350.43,   102.29
  598.30,   353.23,   227.19
  594.30,   356.02,   352.10
  346.59,   105.31,   225.00
  347.57,   105.89,   349.99
  348.56,   106.48,   474.99
  348.65,   230.29,   224.40
  349.64,   230.88,   349.39
  350.63,   231.46,   474.39
  350.71,   355.27,   223.80
  351.70,   355.86,   348.79
  352.69,   356.44,   473.79
  471.57,   103.24,   224.02
  472.55,   103.83,   349.01
  473.54,   104.41,   474.01
  473.63,   228.23,   223.42
  474.62,   228.81,   348.41
  475.61,   229.39,   473.41
  475.69,   353.21,   222.82
  476.68,   353.79,   347.81
  477.67,   354.37,   472.81
  596.54,   101.18,   223.04
  597.53,   101.76,   348.03
  598.52,   102.34,   473.03
  598.61,   226.16,   222.44
  599.60,   226.74,   347.43
  600.58,   227.32,   472.43
  600.67,   351.14,   221.84
  601.66,   351.72,   346.83
  602.65,   352.31,   471.83
  354.14,   104.42,   352.90
  351.52,   101.81,   477.85
  348.90,    99.21,   602.79
  350.40,   229.34,   355.43
  347.79,   226.73,   480.38
  345.17,   224.13,   605.32
  346.67,   354.26,   357.96
  344.05,   351.65,   482.90
  341.43,   349.04,   607.85
  479.05,   108.10,   355.60
  476.44,   105.49,   480.54
  473.82,   102.89,   605.49
  475.32,   233.02,   358.12
  472.70,   230.41,   483.07
  470.09,   227.80,   608.01
  471.59,   357.93,   360.65
  468.97,   355.33,   485.60
  466.35,   352.72,   610.54
  603.97,   111.78,   358.29
  601.35,   109.17,   483.23
  598.74,   106.57,   608.18
  600.24,   236.70,   360.82
  597.62,   234.09,   485.76
  595.00,   231.48,   610.71
  596.50,   361.61,   363.34
  593.89,   359.01,   488.29
  591.27,   356.40,   613.23
  351.20,   100.86,   473.74
  349.29,   101.74,   598.72
  347.39,   102.62,   723.70
  352.83,   225.84,   472.88
  350.93,   226.73,   597.86
  349.02,   227.61,   722.85
  354.46,   350.83,   472.02
  352.56,   351.71,   597.01
  350.65,   352.60,   721.99
  476.17,    99.24,   475.65
  474.27,   100.12,   600.64
  472.36,   101.00,   725.62
  477.81,   224.23,   474.80
  475.90,   225.11,   599.78
  474.00,   225.99,   724.76
  479.44,   349.21,   473.94
  477.53,   350.09,   598.92
  475.63,   350.98,   723.90
  601.15,    97.62,   477.57
  599.24,    98.50,   602.55
  597.34,    99.39,   727.53
  602.78,   222.61,   476.71
  600.88,   223.49,   601.69
  598.97,   224.37,   726.68
  604.41,   347.59,   475.85
  602.51,   348.48,   600.84
  600.60,   349.36,   725.82
  353.81,    93.33,   601.62
  353.04,    92.07,   726.61
  352.27,    90.81,   851.60
  353.87,   218.33,   602.88
  353.11,   217.07,   727.87
  352.34,   215.81,   852.86
  353.94,   343.32,   604.14
  353.18,   342.06,   729.13
  352.41,   340.80,   854.12
  478.80,    93.25,   602.39
  478.03,    91.99,   727.38
  477.27,    90.73,   852.37
  478.87,   218.25,   603.65
  478.10,   216.99,   728.64
  477.34,   215.73,   853.63
  478.94,   343.24,   604.91
  478.17,   341.98,   729.90
  477.41,   340.72,   854.89
  603.80,    93.18,   603.15
  603.03,    91.92,   728.15
  602.26,    90.66,   853.14
  603.87,   218.17,   604.42
  603.10,   216.91,   729.41
  602.33,   215.65,   854.40
  603.94,   343.17,   605.68
  603.17,   341.91,   730.67
  602.40,   340.65,   855.66
  346.32,   213.90,    95.57
  347.39,   213.19,   220.57
  348.45,   212.49,   345.56
  346.77,   338.89,    96.27
  347.83,   338.19,   221.26
  348.90,   337.49,   346.26
  347.21,   463.89,    96.97
  348.28,   463.19,   221.96
  349.35,   462.49,   346.95
  471.31,   213.45,    94.50
  472.38,   212.75,   219.50
  473.45,   212.05,   344.49
  471.76,   338.45,    95.20
  472.83,   337.75,   220.19
  473.89,   337.05,   345.19
  472.21,   463.45,    95.90
  473.27,   462.75,   220.89
  474.34,   462.05,   345.89
  596.31,   213.01,    93.43
  597.38,   212.31,   218.43
  598.44,   211.61,   343.42
  596.76,   338.01,    94.13
  597.82,   337.31,   219.13
  598.89,   336.61,   344.12
  597.20,   463.01,    94.83
  598.27,   462.31,   219.82
  599.33,   461.61,   344.82
  340.75,   231.57,   221.81
  343.65,   228.25,   346.73
  346.56,   224.92,   471.65
  341.45,   356.53,   225.12
  344.35,   353.20,   350.04
  347.26,   349.87,   474.97
  342.15,   481.48,   228.43
  345.06,   478.15,   353.36
  347.96,   474.83,   478.28
  465.71,   230.95,   218.89
  468.61,   227.62,   343.81
  471.52,   224.29,   468.73
  466.41,   355.90,   222.20
  469.32,   352.57,   347.12
  472.22,   349.25,   472.04
  467.12,   480.85,   225.51
  470.02,   477.53,   350.43
  472.93,   474.20,   475.36
  590.67,   230.32,   215.97
  593.58,   226.99,   340.89
  596.48,   223.67,   465.81
  591.38,   355.27,   219.28
  594.28,   351.95,   344.20
  597.19,   348.62,   469.12
  592.08,   480.23,   222.59
  594.99,   476.90,   347.51
  597.89,   473.57,   472.43
  338.24,   224.13,   347.51
  341.81,   221.41,   472.43
  345.37,   218.70,   597.35
  338.75,   349.10,   350.21
  342.32,   346.38,   475.13
  345.88,   343.67,   600.05
  339.26,   474.07,   352.91
  342.82,   471.35,   477.83
  346.39,   468.64,   602.75
  463.19,   223.70,   343.94
  466.75,   220.98,   468.85
  470.32,   218.27,   593.77
  463.70,   348.67,   346.63
  467.26,   345.95,   471.55
  470.83,   343.24,   596.47
  464.20,   473.64,   349.33
  467.77,   470.92,   474.25
  471.34,   468.21,   599.17
  588.13,   223.26,   340.36
  591.70,   220.55,   465.28
  595.27,   217.84,   590.20
  588.64,   348.23,   343.06
  592.21,   345.52,   467.98
  595.78,   342.81,   592.90
  589.15,   473.20,   345.75
  592.72,   470.49,   470.67
  596.29,   467.78,   595.59
  341.62,   237.59,   476.84
  340.39,   238.52,   601.83
  339.15,   239.45,   726.82
  343.44,   362.57,   475.93
  342.20,   363.50,   600.92
  340.96,   364.44,   725.91
  345.25,   487.56,   475.01
  344.01,   488.49,   600.01
  342.77,   489.42,   725.00
  466.60,   235.79,   478.10
  465.37,   236.72,   603.09
  464.13,   237.65,   728.08
  468.42,   360.77,   477.18
  467.18,   361.70,   602.17
  465.94,   362.64,   727.16
  470.23,   485.75,   476.27
  468.99,   486.69,   601.26
  467.75,   487.62,   726.25
  591.59,   233.98,   479.35
  590.35,   234.92,   604.34
  589.11,   235.85,   729.33
  593.40,   358.97,   478.43
  592.16,   359.90,   603.42
  590.92,   360.83,   728.41
  595.21,   483.95,   477.52
  593.97,   484.88,   602.51
  592.73,   485.82,   727.50
  358.12,   219.00,   600.15
  359.06,   216.25,   725.12
  359.99,   213.51,   850.09
  356.85,   343.96,   602.90
  357.79,   341.22,   727.87
  358.72,   338.48,   852.84
  355.58,   468.92,   605.65
  356.52,   466.18,   730.62
  357.45,   463.44,   855.59
  483.11,   220.29,   599.25
  484.05,   217.55,   724.22
  484.98,   214.80,   849.18
  481.84,   345.25,   602.00
  482.78,   342.51,   726.97
  483.71,   339.77,   851.93
  480.57,   470.21,   604.75
  481.51,   467.47,   729.72
  482.44,   464.73,   854.68
  608.10,   221.58,   598.34
  609.04,   218.84,   723.31
  609.97,   216.10,   848.28
  606.83,   346.54,   601.09
  607.77,   343.80,   726.06
  608.70,   341.06,   851.03
  605.56,   471.50,   603.84
  606.50,   468.76,   728.81
  607.43,   466.02,   853.78
  351.87,   342.48,    98.76
  350.01,   340.00,   223.72
  348.15,   337.52,   348.68
  350.49,   467.45,   101.22
  348.62,   464.97,   226.18
  346.76,   462.49,   351.14
  349.10,   592.42,   103.68
  347.24,   589.94,   228.64
  345.38,   587.46,   353.60
  476.85,   343.83,   100.65
  474.99,   341.35,   225.61
  473.12,   338.87,   350.57
  475.46,   468.80,   103.11
  473.60,   466.32,   228.07
  471.74,   463.84,   353.03
  474.08,   593.77,   105.57
  472.22,   591.29,   230.53
  470.35,   588.80,   355.49
  601.83,   345.18,   102.54
  599.96,   342.70,   227.50
  598.10,   340.22,   352.46
  600.44,   470.14,   105.00
  598.58,   467.66,   229.96
  596.72,   465.18,   354.92
  599.06,   595.11,   107.46
  597.20,   592.63,   232.42
  595.33,   590.15,   357.38
  348.61,   346.48,   223.14
  344.93,   346.59,   348.09
  341.25,   346.69,   473.03
  347.49,   471.47,   223.00
  343.81,   471.58,   347.95
  340.12,   471.69,   472.89
  346.37,   596.47,   222.86
  342.69,   596.58,   347.81
  339.00,   596.68,   472.75
  473.55,   347.60,   226.82
  469.87,   347.71,   351.77
  466.19,   347.82,   476.72
  472.43,   472.60,   226.68
  468.75,   472.71,   351.63
  465.07,   472.81,   476.57
  471.31,   597.59,   226.54
  467.63,   597.70,   351.49
  463.94,   597.81,   476.43
  598.49,   348.73,   230.51
  594.81,   348.84,   355.45
  591.13,   348.94,   480.40
  597.37,   473.72,   230.37
  593.69,   473.83,   355.31
  590.01,   473.94,   480.26
  596.25,   598.72,   230.22
  592.57,   598.83,   355.17
  588.88,   598.93,   480.12
  341.45,   354.93,   348.99
  345.11,   356.47,   473.92
  348.77,   358.02,   598.86
  343.44,   479.90,   347.38
  347.10,   481.45,   472.32
  350.76,   483.00,   597.25
  345.43,   604.88,   345.77
  349.09,   606.42,   470.71
  352.75,   607.97,   595.65
  466.38,   352.89,   345.35
  470.04,   354.44,   470.29
  473.70,   355.99,   595.22
  468.37,   477.87,   343.74
  472.03,   479.41,   468.68
  475.69,   480.96,   593.62
  470.36,   602.84,   342.14
  474.02,   604.39,   467.08
  477.68,   605.93,   592.01
  591.31,   350.86,   341.71
  594.97,   352.41,   466.65
  598.63,   353.95,   591.59
  593.30,   475.83,   340.11
  596.96,   477.38,   465.05
  600.62,   478.93,   589.98
  595.29,   600.81,   338.50
  598.95,   602.35,   463.44
  602.61,   603.90,   588.38
  345.67,   349.85,   472.06
  348.00,   350.18,   597.04
  350.33,   350.51,   722.02
  349.17,   474.80,   471.66
  351.50,   475.13,   596.64
  353.83,   475.46,   721.62
  352.67,   599.75,   471.26
  355.00,   600.08,   596.24
  357.33,   600.41,   721.22
  470.60,   346.34,   469.74
  472.93,   346.67,   594.72
  475.25,   347.01,   719.70
  474.10,   471.29,   469.34
  476.43,   471.62,   594.32
  478.75,   471.96,   719.30
  477.60,   596.24,   468.95
  479.93,   596.58,   593.92
  482.25,   596.91,   718.90
  595.53,   342.84,   467.43
  597.86,   343.17,   592.40
  600.18,   343.50,   717.38
  599.03,   467.79,   467.03
  601.36,   468.12,   592.01
  603.68,   468.45,   716.98
  602.53,   592.74,   466.63
  604.86,   593.07,   591.61
  607.18,   593.40,   716.59
  346.60,   340.73,   595.53
  345.94,   339.87,   720.52
  345.29,   339.01,   845.52
  349.89,   465.68,   596.41
  349.23,   464.82,   721.40
  348.58,   463.96,   846.40
  353.17,   590.64,   597.28
  352.52,   589.77,   722.28
  351.86,   588.91,   847.28
  471.55,   337.44,   596.16
  470.90,   336.57,   721.16
  470.24,   335.71,   846.15
  474.84,   462.39,   597.04
  474.19,   461.53,   722.03
  473.53,   460.67,   847.03
  478.13,   587.34,   597.92
  477.47,   586.48,   722.91
  476.82,   585.62,   847.91
  596.51,   334.14,   596.79
  595.85,   333.28,   721.79
  595.20,   332.42,   846.78
  599.80,   459.10,   597.67
  599.14,   458.24,   722.67
  598.49,   457.37,   847.66
  603.09,   584.05,   598.55
  602.43,   583.19,   723.54
  601.77,   582.33,   848.54
  360.32,   464.69,    98.52
  361.01,   467.75,   223.48
  361.70,   470.80,   348.44
  359.59,   589.65,    95.47
  360.28,   592.71,   220.43
  360.97,   595.76,   345.40
  358.86,   714.61,    92.42
  359.55,   717.67,   217.38
  360.24,   720.72,   342.35
  485.32,   465.41,    97.82
  486.01,   468.46,   222.78
  486.70,   471.51,   347.74
  484.59,   590.37,    94.77
  485.28,   593.42,   219.73
  485.97,   596.47,   344.69
  483.86,   715.33,    91.72
  484.55,   718.38,   216.68
  485.24,   721.43,   341.64
  610.31,   466.12,    97.11
  611.00,   469.17,   222.07
  611.69,   472.23,   347.03
  609.58,   591.08,    94.06
  610.27,   594.13,   219.02
  610.96,   597.19,   343.98
  608.85,   716.04,    91.01
  609.54,   719.09,   215.97
  610.23,   722.15,   340.93
  350.12,   475.57,   222.46
  353.35,   474.23,   347.42
  356.57,   472.89,   472.37
  349.02,   600.56,   223.83
  352.24,   599.22,   348.78
  355.47,   597.88,   473.73
  347.92,   725.55,   225.20
  351.14,   724.21,   350.15
  354.36,   722.87,   475.10
  475.08,   476.71,   219.25
  478.30,   475.37,   344.21
  481.52,   474.03,   469.16
  473.98,   601.69,   220.62
  477.20,   600.35,   345.57
  480.42,   599.02,   470.53
  472.88,   726.68,   221.99
  476.10,   725.34,   346.94
  479.32,   724.00,   471.89
  600.03,   477.84,   216.05
  603.25,   476.50,   341.00
  606.47,   475.16,   465.95
  598.93,   602.83,   217.41
  602.15,   601.49,   342.36
  605.37,   600.15,   467.32
  597.83,   727.82,   218.78
  601.05,   726.48,   343.73
  604.27,   725.14,   468.68
  359.72,   483.18,   358.49
  357.82,   481.73,   483.46
  355.93,   480.29,   608.44
  359.41,   608.17,   359.93
  357.52,   606.72,   484.91
  355.62,   605.28,   609.88
  359.11,   733.16,   361.37
  357.21,   731.72,   486.35
  355.32,   730.27,   611.33
  484.70,   483.46,   360.38
  482.81,   482.02,   485.36
  480.91,   480.57,   610.34
  484.40,   608.45,   361.83
  482.50,   607.01,   486.80
  480.61,   605.56,   611.78
  484.09,   733.45,   363.27
  482.20,   732.00,   488.25
  480.30,   730.55,   613.22
  609.69,   483.75,   362.28
  607.79,   482.30,   487.26
  605.90,   480.85,   612.24
  609.38,   608.74,   363.72
  607.49,   607.29,   488.70
  605.59,   605.84,   613.68
  609.08,   733.73,   365.17
  607.18,   732.28,   490.14
  605.29,   730.83,   615.12
  361.51,   465.13,   474.11
  362.63,   465.62,   599.11
  363.76,   466.10,   724.10
  358.28,   590.09,   473.65
  359.40,   590.58,   598.65
  360.53,   591.06,   723.64
  355.05,   715.05,   473.20
  356.18,   715.53,   598.19
  357.30,   716.02,   723.19
  486.46,   468.36,   472.97
  487.59,   468.84,   597.97
  488.71,   469.33,   722.96
  483.23,   593.31,   472.52
  484.36,   593.80,   597.51
  485.48,   594.29,   722.50
  480.00,   718.27,   472.06
  481.13,   718.76,   597.05
  482.25,   719.24,   722.05
  611.41,   471.58,   471.84
  612.54,   472.07,   596.83
  613.67,   472.55,   721.82
  608.18,   596.54,   471.38
  609.31,   597.03,   596.37
  610.44,   597.51,   721.37
  604.96,   721.50,   470.92
  606.08,   721.98,   595.92
  607.21,   722.47,   720.91
  350.04,   465.60,   595.88
  346.76,   466.92,   720.83
  343.48,   468.24,   845.78
  352.59,   590.57,   594.63
  349.31,   591.89,   719.58
  346.03,   593.21,   844.53
  355.15,   715.54,   593.38
  351.87,   716.86,   718.33
  348.59,   718.17,   843.28
  474.97,   463.08,   599.19
  471.69,   464.40,   724.14
  468.41,   465.72,   849.09
  477.53,   588.05,   597.94
  474.25,   589.37,   722.89
  470.97,   590.68,   847.84
  480.08,   713.02,   596.69
  476.80,   714.33,   721.64
  473.52,   715.65,   846.59
  599.90,   460.56,   602.49
  596.62,   461.88,   727.44
  593.34,   463.19,   852.39
  602.46,   585.53,   601.24
  599.18,   586.84,   726.19
  595.90,   588.16,   851.14
  605.01,   710.49,   599.99
  601.73,   711.81,   724.94
  598.45,   713.13,   849.89
  366.08,   590.13,   100.82
  367.57,   587.60,   225.78
  369.05,   585.08,   350.75
  366.63,   715.10,   103.33
  368.11,   712.58,   228.30
  369.59,   710.05,   353.26
  367.17,   840.07,   105.85
  368.66,   837.55,   230.81
  370.14,   835.03,   355.78
  491.07,   589.61,    99.32
  492.56,   587.09,   224.29
  494.04,   584.56,   349.26
  491.62,   714.58,   101.84
  493.10,   712.06,   226.81
  494.58,   709.54,   351.77
  492.16,   839.56,   104.36
  493.65,   837.03,   229.32
  495.13,   834.51,   354.29
  616.06,   589.09,    97.83
  617.55,   586.57,   222.80
  619.03,   584.05,   347.76
  616.61,   714.07,   100.35
  618.09,   711.55,   225.31
  619.57,   709.02,   350.28
  617.15,   839.04,   102.87
  618.64,   836.52,   227.83
  620.12,   834.00,   352.80
  349.37,   599.68,   223.98
  347.77,   597.06,   348.94
  346.18,   594.45,   473.91
  352.31,   724.61,   226.63
  350.71,   722.00,   351.59
  349.12,   719.39,   476.56
  355.25,   849.55,   229.28
  353.65,   846.94,   354.25
  352.06,   844.32,   479.21
  474.33,   596.70,   225.52
  472.73,   594.09,   350.48
  471.13,   591.48,   475.44
  477.27,   721.64,   228.17
  475.67,   719.03,   353.13
  474.07,   716.41,   478.09
  480.21,   846.58,   230.82
  478.61,   843.96,   355.78
  477.01,   841.35,   480.74
  599.28,   593.73,   227.05
  597.68,   591.12,   352.01
  596.09,   588.50,   476.98
  602.22,   718.67,   229.70
  600.62,   716.05,   354.67
  599.03,   713.44,   479.63
  605.16,   843.60,   232.35
  603.56,   840.99,   357.32
  601.97,   838.38,   482.28
  348.49,   596.08,   347.14
  345.74,   596.35,   472.11
  342.98,   596.62,   597.08
  346.15,   721.06,   346.82
  343.40,   721.33,   471.79
  340.65,   721.60,   596.76
  343.82,   846.04,   346.50
  341.07,   846.31,   471.47
  338.32,   846.58,   596.43
  473.43,   598.42,   349.88
  470.68,   598.69,   474.85
  467.93,   598.96,   599.82
  471.10,   723.40,   349.56
  468.35,   723.67,   474.53
  465.60,   723.94,   599.50
  468.77,   848.38,   349.24
  466.02,   848.65,   474.21
  463.27,   848.92,   599.18
  598.38,   600.76,   352.63
  595.63,   601.03,   477.60
  592.88,   601.30,   602.57
  596.05,   725.74,   352.31
  593.30,   726.01,   477.28
  590.55,   726.28,   602.25
  593.72,   850.72,   351.99
  590.97,   850.98,   476.96
  588.22,   851.25,   601.93
  336.97,   595.59,   468.71
  338.82,   597.26,   593.69
  340.68,   598.94,   718.66
  338.50,   720.56,   467.01
  340.35,   722.24,   591.99
  342.21,   723.92,   716.96
  340.03,   845.54,   465.31
  341.88,   847.22,   590.29
  343.74,   848.90,   715.26
  461.94,   594.03,   466.88
  463.80,   595.71,   591.85
  465.65,   597.38,   716.83
  463.47,   719.01,   465.18
  465.33,   720.69,   590.15
  467.18,   722.36,   715.13
  465.01,   843.99,   463.48
  466.86,   845.66,   588.45
  468.72,   847.34,   713.43
  586.92,   592.47,   465.04
  588.77,   594.15,   590.02
  590.63,   595.83,   714.99
  588.45,   717.45,   463.35
  590.31,   719.13,   588.32
  592.16,   720.81,   713.30
  589.98,   842.43,   461.65
  591.84,   844.11,   586.62
  593.69,   845.79,   711.60
  340.27,   599.99,   596.92
  344.19,   600.75,   721.86
  348.10,   601.51,   846.80
  337.59,   724.96,   596.24
  341.50,   725.72,   721.18
  345.41,   726.48,   846.12
  334.91,   849.93,   595.56
  338.82,   850.69,   720.50
  342.73,   851.45,   845.44
  465.18,   602.65,   593.00
  469.10,   603.41,   717.93
  473.01,   604.17,   842.87
  462.50,   727.62,   592.32
  466.41,   728.38,   717.25
  470.32,   729.14,   842.19
  459.82,   852.59,   591.64
  463.73,   853.35,   716.57
  467.64,   854.11,   841.51
  590.09,   605.31,   589.07
  594.01,   606.07,   714.01
  597.92,   606.83,   838.94
  587.41,   730.28,   588.39
  591.32,   731.04,   713.33
  595.23,   731.80,   838.26
  584.73,   855.25,   587.71
  588.64,   856.01,   712.65
  592.55,   856.77,   837.58
  465.07,   102.17,    96.37
  464.82,    98.87,   221.32
  464.57,    95.58,   346.28
  467.13,   227.11,    99.66
  466.88,   223.81,   224.62
  466.63,   220.52,   349.58
  469.19,   352.05,   102.96
  468.94,   348.75,   227.92
  468.70,   345.46,   352.87
  590.05,   100.10,    96.56
  589.80,    96.81,   221.52
  589.56,    93.51,   346.47
  592.11,   225.04,    99.86
  591.87,   221.75,   224.81
  591.62,   218.45,   349.77
  594.18,   349.98,   103.16
  593.93,   346.69,   228.11
  593.68,   343.39,   353.07
  715.03,    98.03,    96.75
  714.79,    94.74,   221.71
  714.54,    91.44,   346.67
  717.10,   222.97,   100.05
  716.85,   219.68,   225.01
  716.60,   216.38,   349.96
  719.16,   347.91,   103.35
  718.91,   344.62,   228.31
  718.66,   341.32,   353.26
  481.46,   108.46,   228.64
  481.89,   107.17,   353.63
  482.32,   105.88,   478.62
  483.84,   233.43,   229.92
  484.27,   232.14,   354.92
  484.70,   230.85,   479.91
  486.22,   358.40,   231.21
  486.65,   357.11,   356.20
  487.07,   355.82,   481.19
  606.44,   106.09,   228.19
  606.87,   104.80,   353.18
  607.30,   103.50,   478.17
  608.82,   231.06,   229.47
  609.25,   229.77,   354.46
  609.67,   228.47,   479.46
  611.19,   356.03,   230.75
  611.62,   354.74,   355.75
  612.05,   353.45,   480.74
  731.42,   103.72,   227.73
  731.84,   102.42,   352.72
  732.27,   101.13,   477.72
  733.79,   228.69,   229.02
  734.22,   227.40,   354.01
  734.65,   226.10,   479.00
  736.17,   353.66,   230.30
  736.60,   352.37,   355.29
  737.03,   351.07,   480.29
  465.88,   103.34,   345.68
  469.81,   101.44,   470.60
  473.74,    99.53,   595.53
  464.27,   228.31,   347.63
  468.20,   226.41,   472.56
  472.14,   224.51,   597.48
  462.66,   353.29,   349.59
  466.60,   351.38,   474.51
  470.53,   349.48,   599.44
  590.80,   105.01,   341.77
  594.74,   103.10,   466.69
  598.67,   101.20,   591.62
  589.20,   229.98,   343.72
  593.13,   228.08,   468.65
  597.07,   226.17,   593.57
  587.59,   354.95,   345.68
  591.53,   353.05,   470.60
  595.46,   351.15,   595.53
  715.73,   106.67,   337.86
  719.67,   104.77,   462.78
  723.60,   102.86,   587.71
  714.13,   231.65,   339.81
  718.06,   229.74,   464.74
  721.99,   227.84,   589.66
  712.52,   356.62,   341.77
  716.45,   354.72,   466.69
  720.39,   352.81,   591.62
  481.36,   108.63,   478.27
  479.52,   109.05,   603.25
  477.69,   109.48,   728.24
  482.24,   233.63,   477.86
  480.41,   234.05,   602.84
  478.57,   234.47,   727.83
  483.13,   358.63,   477.45
  481.30,   359.05,   602.43
  479.46,   359.47,   727.42
  606.34,   107.75,   480.10
  604.50,   108.17,   605.09
  602.67,   108.59,   730.08
  607.23,   232.75,   479.69
  605.39,   233.17,   604.68
  603.56,   233.59,   729.67
  608.12,   357.74,   479.29
  606.28,   358.16,   604.27
  604.44,   358.59,   729.26
  731.32,   106.87,   481.94
  729.49,   107.29,   606.93
  727.65,   107.71,   731.91
  732.21,   231.87,   481.53
  730.38,   232.29,   606.52
  728.54,   232.71,   731.50
  733.10,   356.86,   481.12
  731.26,   357.28,   606.11
  729.43,   357.70,   731.10
  481.35,    95.20,   602.08
  477.19,    93.29,   726.99
  473.02,    91.39,   851.91
  478.94,   220.17,   603.91
  474.77,   218.26,   728.82
  470.60,   216.35,   853.74
  476.52,   345.13,   605.73
  472.36,   343.22,   730.65
  468.19,   341.31,   855.57
  606.26,    97.56,   606.28
  602.09,    95.65,   731.19
  597.93,    93.74,   856.11
  603.84,   222.52,   608.11
  599.68,   220.61,   733.02
  595.51,   218.70,   857.94
  601.43,   347.48,   609.94
  597.26,   345.57,   734.85
  593.10,   343.67,   859.77
  731.17,    99.91,   610.48
  727.00,    98.00,   735.40
  722.83,    96.09,   860.31
  728.75,   224.87,   612.31
  724.58,   222.96,   737.23
  720.42,   221.05,   862.14
  726.34,   349.83,   614.14
  722.17,   347.93,   739.05
  718.00,   346.02,   863.97
  483.08,   215.35,   100.86
  480.94,   215.31,   225.84
  478.80,   215.26,   350.82
  480.48,   340.32,   100.85
  478.34,   340.28,   225.84
  476.20,   340.24,   350.82
  477.88,   465.29,   100.85
  475.74,   465.25,   225.83
  473.60,   465.21,   350.81
  608.03,   217.95,   102.99
  605.89,   217.91,   227.98
  603.76,   217.86,   352.96
  605.43,   342.92,   102.99
  603.29,   342.88,   227.97
  601.16,   342.84,   352.96
  602.83,   467.89,   102.99
  600.69,   467.85,   227.97
  598.56,   467.81,   352.95
  732.99,   220.55,   105.13
  730.85,   220.51,   230.11
  728.71,   220.47,   355.10
  730.39,   345.52,   105.13
  728.25,   345.48,   230.11
  726.11,   345.44,   355.09
  727.78,   470.49,   105.13
  725.65,   470.45,   230.11
  723.51,   470.41,   355.09
  478.73,   242.39,   227.61
  478.65,   237.71,   352.52
  478.58,   233.03,   477.43
  481.30,   367.27,   232.29
  481.22,   362.59,   357.20
  481.15,   357.92,   482.11
  483.87,   492.16,   236.96
  483.79,   487.48,   361.88
  483.72,   482.80,   486.79
  603.70,   239.82,   227.58
  603.63,   235.14,   352.50
  603.55,   230.46,   477.41
  606.27,   364.70,   232.26
  606.20,   360.02,   357.18
  606.12,   355.35,   482.09
  608.84,   489.59,   236.94
  608.77,   484.91,   361.85
  608.69,   480.23,   486.77
  728.67,   237.24,   227.56
  728.60,   232.57,   352.48
  728.53,   227.89,   477.39
  731.24,   362.13,   232.24
  731.17,   357.45,   357.15
  731.10,   352.77,   482.07
  733.81,   487.02,   236.92
  733.74,   482.34,   361.83
  733.67,   477.66,   486.74
  470.31,   233.83,   350.26
  469.74,   234.02,   475.25
  469.18,   234.21,   600.25
  469.71,   358.83,   350.06
  469.14,   359.02,   475.06
  468.58,   359.21,   600.06
  469.10,   483.83,   349.87
  468.54,   484.02,   474.87
  467.98,   484.20,   599.87
  595.30,   234.43,   350.82
  594.74,   234.62,   475.82
  594.18,   234.81,   600.82
  594.70,   359.43,   350.63
  594.14,   359.62,   475.63
  593.58,   359.81,   600.62
  594.10,   484.43,   350.44
  593.54,   484.62,   475.43
  592.97,   484.81,   600.43
  720.30,   235.04,   351.38
  719.74,   235.22,   476.38
  719.17,   235.41,   601.38
  719.70,   360.03,   351.19
  719.14,   360.22,   476.19
  718.57,   360.41,   601.19
  719.10,   485.03,   351.00
  718.54,   485.22,   476.00
  717.97,   485.41,   601.00
  474.98,   232.32,   477.72
  474.32,   229.39,   602.68
  473.65,   226.46,   727.65
  474.07,   357.29,   480.65
  473.40,   354.36,   605.61
  472.74,   351.43,   730.57
  473.15,   482.25,   483.57
  472.48,   479.32,   608.54
  471.82,   476.39,   733.50
  599.98,   233.23,   478.41
  599.31,   230.30,   603.37
  598.65,   227.37,   728.33
  599.06,   358.19,   481.33
  598.40,   355.26,   606.30
  597.73,   352.33,   731.26
  598.14,   483.15,   484.26
  597.48,   480.22,   609.22
  596.81,   477.29,   734.19
  724.97,   234.13,   479.09
  724.31,   231.20,   604.06
  723.64,   228.27,   729.02
  724.06,   359.09,   482.02
  723.39,   356.16,   606.98
  722.73,   353.23,   731.95
  723.14,   484.05,   484.95
  722.47,   481.12,   609.91
  721.81,   478.19,   734.87
  481.83,   236.76,   604.13
  482.54,   234.81,   729.11
  483.25,   232.86,   854.09
  480.72,   361.74,   606.09
  481.44,   359.79,   731.07
  482.15,   357.84,   856.05
  479.62,   486.72,   608.05
  480.33,   484.77,   733.03
  481.05,   482.82,   858.01
  606.82,   237.88,   603.43
  607.53,   235.92,   728.41
  608.25,   233.97,   853.40
  605.72,   362.86,   605.39
  606.43,   360.90,   730.37
  607.14,   358.95,   855.36
  604.61,   487.84,   607.35
  605.33,   485.88,   732.33
  606.04,   483.93,   857.31
  731.81,   238.99,   602.74
  732.52,   237.04,   727.72
  733.24,   235.08,   852.70
  730.71,   363.97,   604.69
  731.42,   362.02,   729.68
  732.14,   360.06,   854.66
  729.61,   488.95,   606.65
  730.32,   487.00,   731.64
  731.03,   485.04,   856.62
  468.91,   357.95,   100.89
  472.78,   358.13,   225.83
  476.66,   358.31,   350.77
  466.34,   482.92,   100.78
  470.22,   483.10,   225.72
  474.09,   483.28,   350.66
  463.78,   607.89,   100.68
  467.65,   608.08,   225.62
  471.53,   608.26,   350.56
  593.82,   360.51,    97.01
  597.70,   360.69,   221.95
  601.57,   360.87,   346.89
  591.26,   485.48,    96.91
  595.13,   485.66,   221.85
  599.01,   485.84,   346.79
  588.69,   610.46,    96.81
  592.56,   610.64,   221.74
  596.44,   610.82,   346.68
  718.73,   363.07,    93.13
  722.61,   363.25,   218.07
  726.48,   363.43,   343.01
  716.17,   488.04,    93.03
  720.04,   488.22,   217.97
  723.92,   488.41,   342.91
  713.60,   613.02,    92.93
  717.48,   613.20,   217.87
  721.35,   613.38,   342.81
  470.01,   357.12,   226.74
  470.96,   358.79,   351.72
  471.92,   360.46,   476.71
  467.73,   482.09,   225.08
  468.68,   483.76,   350.07
  469.64,   485.43,   475.05
  465.45,   607.06,   223.43
  466.40,   608.73,   348.41
  467.36,   610.40,   473.40
  594.98,   359.39,   225.75
  595.94,   361.06,   350.73
  596.90,   362.73,   475.72
  592.70,   484.36,   224.09
  593.66,   486.03,   349.08
  594.62,   487.70,   474.06
  590.42,   609.32,   222.44
  591.38,   611.00,   347.43
  592.34,   612.67,   472.41
  719.96,   361.65,   224.76
  720.92,   363.33,   349.74
  721.87,   365.00,   474.73
  717.68,   486.62,   223.10
  718.64,   488.29,   348.09
  719.59,   489.97,   473.07
  715.40,   611.59,   221.45
  716.36,   613.26,   346.44
  717.31,   614.93,   471.42
  465.44,   344.13,   346.17
  465.70,   345.44,   471.16
  465.97,   346.75,   596.16
  467.42,   469.11,   344.86
  467.68,   470.42,   469.85
  467.95,   471.73,   594.84
  469.40,   594.08,   343.54
  469.66,   595.39,   468.53
  469.93,   596.70,   593.53
  590.42,   342.15,   345.93
  590.69,   343.46,   470.92
  590.95,   344.77,   595.91
  592.40,   467.12,   344.61
  592.67,   468.43,   469.60
  592.93,   469.74,   594.60
  594.38,   592.10,   343.30
  594.65,   593.41,   468.29
  594.91,   594.72,   593.28
  715.40,   340.16,   345.68
  715.67,   341.47,   470.67
  715.94,   342.79,   595.67
  717.38,   465.14,   344.37
  717.65,   466.45,   469.36
  717.92,   467.76,   594.35
  719.36,   590.12,   343.05
  719.63,   591.43,   468.04
  719.90,   592.74,   593.04
  475.66,   342.82,   472.94
  475.12,   345.58,   597.90
  474.58,   348.35,   722.87
  473.98,   467.77,   470.16
  473.44,   470.54,   595.13
  472.90,   473.31,   720.10
  472.30,   592.73,   467.39
  471.76,   595.50,   592.35
  471.22,   598.27,   717.32
  600.65,   344.51,   473.44
  600.11,   347.27,   598.41
  599.57,   350.04,   723.37
  598.97,   469.46,   470.66
  598.43,   472.23,   595.63
  597.89,   475.00,   720.60
  597.29,   594.42,   467.89
  596.75,   597.19,   592.86
  596.21,   599.96,   717.83
  725.64,   346.20,   473.94
  725.10,   348.96,   598.91
  724.56,   351.73,   723.88
  723.96,   471.16,   471.17
  723.42,   473.92,   596.13
  722.88,   476.69,   721.10
  722.28,   596.11,   468.39
  721.74,   598.88,   593.36
  721.20,   601.65,   718.33
  475.70,   342.29,   595.76
  477.28,   345.38,   720.72
  478.86,   348.46,   845.67
  475.73,   467.26,   592.68
  477.31,   470.34,   717.63
  478.89,   473.42,   842.58
  475.76,   592.22,   589.59
  477.34,   595.30,   714.55
  478.92,   598.39,   839.50
  600.69,   342.22,   594.18
  602.27,   345.31,   719.14
  603.85,   348.39,   844.09
  600.72,   467.19,   591.10
  602.30,   470.27,   716.05
  603.88,   473.35,   841.00
  600.75,   592.15,   588.01
  602.33,   595.23,   712.96
  603.91,   598.32,   837.92
  725.68,   342.15,   592.60
  727.26,   345.24,   717.55
  728.84,   348.32,   842.51
  725.71,   467.12,   589.52
  727.29,   470.20,   714.47
  728.87,   473.29,   839.42
  725.74,   592.08,   586.43
  727.32,   595.16,   711.38
  728.90,   598.25,   836.34
  466.00,   472.09,    97.50
  468.41,   469.83,   222.45
  470.83,   467.58,   347.41
  464.77,   597.06,    99.78
  467.19,   594.81,   224.73
  469.60,   592.55,   349.69
  463.54,   722.04,   102.06
  465.96,   719.78,   227.01
  468.37,   717.52,   351.97
  590.97,   473.36,    95.10
  593.38,   471.11,   220.06
  595.80,   468.85,   345.01
  589.74,   598.34,    97.38
  592.16,   596.08,   222.34
  594.57,   593.82,   347.29
  588.51,   723.31,    99.66
  590.93,   721.05,   224.62
  593.35,   718.80,   349.57
  715.94,   474.64,    92.71
  718.36,   472.38,   217.66
  720.77,   470.12,   342.62
  714.71,   599.61,    94.99
  717.13,   597.35,   219.94
  719.54,   595.10,   344.90
  713.48,   724.58,    97.27
  715.90,   722.33,   222.22
  718.32,   720.07,   347.18
  480.92,   477.62,   229.94
  476.54,   474.80,   354.83
  472.15,   471.97,   479.72
  480.29,   602.59,   232.75
  475.91,   599.76,   357.64
  471.53,   596.94,   482.53
  479.67,   727.56,   235.56
  475.28,   724.73,   360.45
  470.90,   721.90,   485.34
  605.84,   478.15,   234.34
  601.46,   475.32,   359.23
  597.07,   472.50,   484.12
  605.21,   603.12,   237.14
  600.83,   600.29,   362.04
  596.45,   597.46,   486.93
  604.59,   728.08,   239.95
  600.21,   725.26,   364.84
  595.82,   722.43,   489.73
  730.76,   478.68,   238.73
  726.38,   475.85,   363.62
  722.00,   473.02,   488.52
  730.14,   603.64,   241.54
  725.75,   600.82,   366.43
  721.37,   597.99,   491.32
  729.51,   728.61,   244.35
  725.13,   725.78,   369.24
  720.74,   722.96,   494.13
  483.74,   465.65,   350.44
  481.80,   465.90,   475.42
  479.86,   466.14,   600.41
  483.73,   590.65,   350.19
  481.79,   590.90,   475.18
  479.84,   591.14,   600.16
  483.72,   715.65,   349.95
  481.78,   715.90,   474.93
  479.83,   716.14,   599.92
  608.73,   465.67,   352.38
  606.79,   465.92,   477.37
  604.84,   466.16,   602.35
  608.72,   590.67,   352.14
  606.77,   590.92,   477.12
  604.83,   591.16,   602.11
  608.70,   715.67,   351.89
  606.76,   715.91,   476.88
  604.82,   716.16,   601.86
  733.71,   465.69,   354.33
  731.77,   465.93,   479.31
  729.83,   466.18,   604.30
  733.70,   590.69,   354.08
  731.76,   590.93,   479.07
  729.81,   591.18,   604.05
  733.69,   715.69,   353.84
  731.75,   715.93,   478.82
  729.80,   716.18,   603.81
  484.23,   476.33,   480.94
  487.02,   474.09,   605.89
  489.82,   471.86,   730.84
  482.92,   601.30,   483.20
  485.72,   599.06,   608.15
  488.51,   596.83,   733.10
  481.62,   726.27,   485.47
  484.41,   724.04,   610.41
  487.21,   721.80,   735.36
  609.19,   477.68,   478.17
  611.98,   475.45,   603.12
  614.78,   473.21,   728.07
  607.89,   602.65,   480.43
  610.68,   600.42,   605.38
  613.47,   598.18,   730.33
  606.58,   727.63,   482.70
  609.37,   725.39,   607.64
  612.17,   723.16,   732.59
  734.15,   479.04,   475.40
  736.95,   476.80,   600.35
  739.74,   474.57,   725.30
  732.85,   604.01,   477.66
  735.64,   601.77,   602.61
  738.44,   599.54,   727.56
  731.54,   728.98,   479.93
  734.34,   726.75,   604.87
  737.13,   724.51,   729.82
  471.61,   468.94,   593.51
  469.84,   470.74,   718.48
  468.08,   472.54,   843.46
  474.82,   593.88,   591.75
  473.05,   595.69,   716.72
  471.29,   597.49,   841.70
  478.03,   718.83,   589.99
  476.27,   720.63,   714.97
  474.50,   722.43,   839.94
  596.55,   465.75,   595.32
  594.79,   467.55,   720.29
  593.02,   469.36,   845.27
  599.77,   590.70,   593.56
  598.00,   592.50,   718.53
  596.24,   594.30,   843.51
  602.98,   715.64,   591.80
  601.21,   717.45,   716.78
  599.45,   719.25,   841.75
  721.50,   462.56,   597.13
  719.74,   464.37,   722.10
  717.97,   466.17,   847.08
  724.71,   587.51,   595.37
  722.95,   589.31,   720.34
  721.18,   591.12,   845.32
  727.92,   712.46,   593.61
  726.16,   714.26,   718.59
  724.39,   716.06,   843.56
  465.67,   614.92,   101.40
  462.67,   616.46,   226.35
  459.67,   618.00,   351.31
  466.95,   739.91,    99.89
  463.95,   741.45,   224.84
  460.96,   742.99,   349.80
  468.24,   864.89,    98.38
  465.24,   866.43,   223.33
  462.24,   867.97,   348.29
  590.62,   613.67,   104.41
  587.63,   615.22,   229.37
  584.63,   616.76,   354.32
  591.91,   738.66,   102.90
  588.91,   740.20,   227.86
  585.91,   741.74,   352.81
  593.19,   863.64,   101.39
  590.20,   865.18,   226.35
  587.20,   866.73,   351.30
  715.58,   612.43,   107.43
  712.58,   613.97,   232.38
  709.59,   615.51,   357.33
  716.87,   737.41,   105.92
  713.87,   738.95,   230.87
  710.87,   740.49,   355.82
  718.15,   862.40,   104.40
  715.15,   863.94,   229.36
  712.16,   865.48,   354.31
  473.52,   589.81,   217.12
  475.02,   594.12,   342.04
  476.53,   598.44,   466.96
  473.07,   714.73,   212.81
  474.57,   719.05,   337.73
  476.08,   723.36,   462.65
  472.62,   839.66,   208.50
  474.13,   843.97,   333.42
  475.63,   848.29,   458.33
  598.51,   590.20,   215.61
  600.01,   594.52,   340.52
  601.52,   598.84,   465.44
  598.06,   715.13,   211.30
  599.57,   719.45,   336.21
  601.07,   723.76,   461.13
  597.61,   840.05,   206.98
  599.12,   844.37,   331.90
  600.62,   848.69,   456.82
  723.50,   590.60,   214.09
  725.00,   594.92,   339.01
  726.51,   599.23,   463.92
  723.05,   715.53,   209.78
  724.56,   719.84,   334.70
  726.06,   724.16,   459.61
  722.60,   840.45,   205.47
  724.11,   844.77,   330.38
  725.61,   849.08,   455.30
  467.52,   597.35,   344.43
  466.84,   596.62,   469.43
  466.15,   595.89,   594.42
  467.90,   722.34,   345.16
  467.21,   721.62,   470.16
  466.52,   720.89,   595.15
  468.27,   847.34,   345.89
  467.58,   846.61,   470.89
  466.89,   845.88,   595.88
  592.52,   596.97,   345.11
  591.84,   596.24,   470.11
  591.15,   595.51,   595.11
  592.89,   721.97,   345.85
  592.21,   721.24,   470.84
  591.52,   720.51,   595.84
  593.26,   846.97,   346.58
  592.58,   846.24,   471.57
  591.89,   845.51,   596.57
  717.52,   596.60,   345.80
  716.83,   595.87,   470.80
  716.15,   595.14,   595.79
  717.89,   721.59,   346.53
  717.20,   720.87,   471.53
  716.52,   720.14,   596.52
  718.26,   846.59,   347.26
  717.57,   845.86,   472.26
  716.89,   845.13,   597.25
  470.29,   604.66,   474.99
  471.46,   603.01,   599.98
  472.62,   601.37,   724.96
  467.14,   729.61,   476.67
  468.30,   727.96,   601.65
  469.47,   726.32,   726.63
  463.98,   854.56,   478.34
  465.15,   852.91,   603.32
  466.32,   851.27,   728.31
  595.25,   607.83,   473.87
  596.41,   606.18,   598.85
  597.58,   604.54,   723.84
  592.09,   732.78,   475.54
  593.26,   731.13,   600.53
  594.42,   729.49,   725.51
  588.94,   857.73,   477.21
  590.10,   856.08,   602.20
  591.27,   854.44,   727.18
  720.20,   611.00,   472.75
  721.37,   609.35,   597.73
  722.53,   607.71,   722.71
  717.05,   735.95,   474.42
  718.21,   734.30,   599.40
  719.38,   732.66,   724.39
  713.89,   860.90,   476.09
  715.06,   859.25,   601.07
  716.22,   857.61,   726.06
  463.72,   610.46,   603.68
  464.24,   612.59,   728.66
  464.76,   614.71,   853.64
  463.99,   735.44,   601.55
  464.51,   737.57,   726.53
  465.03,   739.70,   851.51
  464.26,   860.43,   599.42
  464.78,   862.55,   724.40
  465.31,   864.68,   849.39
  588.71,   610.18,   603.16
  589.24,   612.31,   728.14
  589.76,   614.43,   853.12
  588.99,   735.16,   601.03
  589.51,   737.29,   726.01
  590.03,   739.42,   850.99
  589.26,   860.15,   598.90
  589.78,   862.27,   723.89
  590.30,   864.40,   848.87
  713.71,   609.90,   602.64
  714.24,   612.03,   727.62
  714.76,   614.15,   852.60
  713.98,   734.88,   600.51
  714.51,   737.01,   725.49
  715.03,   739.13,   850.47
  714.26,   859.86,   598.39
  714.78,   861.99,   723.37
  715.30,   864.12,   848.35
  606.89,    90.04,   101.68
  609.25,    93.43,   226.62
  611.61,    96.82,   351.55
  606.40,   214.99,    98.30
  608.76,   218.38,   223.24
  611.12,   221.77,   348.17
  605.91,   339.94,    94.92
  608.27,   343.33,   219.86
  610.63,   346.72,   344.79
  731.87,    90.47,    99.31
  734.23,    93.86,   224.24
  736.59,    97.24,   349.18
  731.38,   215.42,    95.93
  733.74,   218.81,   220.86
  736.10,   222.20,   345.80
  730.88,   340.37,    92.55
  733.24,   343.76,   217.48
  735.60,   347.15,   342.42
  856.85,    90.90,    96.94
  859.21,    94.29,   221.87
  861.57,    97.67,   346.80
  856.35,   215.85,    93.56
  858.71,   219.24,   218.49
  861.07,   222.63,   343.42
  855.86,   340.80,    90.18
  858.22,   344.19,   215.11
  860.58,   347.58,   340.04
  597.75,    90.46,   222.92
  595.85,    87.90,   347.88
  593.94,    85.33,   472.84
  597.22,   215.44,   225.48
  595.32,   212.87,   350.44
  593.42,   210.30,   475.40
  596.70,   340.41,   228.04
  594.80,   337.84,   353.00
  592.89,   335.28,   477.96
  722.73,    90.95,   224.83
  720.83,    88.38,   349.79
  718.93,    85.82,   474.75
  722.21,   215.92,   227.39
  720.30,   213.36,   352.35
  718.40,   210.79,   477.31
  721.68,   340.90,   229.95
  719.78,   338.33,   354.91
  717.88,   335.76,   479.87
  847.72,    91.44,   226.75
  845.81,    88.87,   351.71
  843.91,    86.30,   476.67
  847.19,   216.41,   229.31
  845.29,   213.84,   354.27
  843.39,   211.27,   479.23
  846.67,   341.38,   231.87
  844.76,   338.81,   356.83
  842.86,   336.25,   481.78
  609.38,   114.08,   356.12
  608.36,   111.77,   481.10
  607.34,   109.46,   606.07
  610.07,   239.05,   358.44
  609.05,   236.74,   483.41
  608.03,   234.43,   608.39
  610.76,   364.03,   360.75
  609.74,   361.72,   485.73
  608.72,   359.41,   610.70
  734.37,   113.37,   357.13
  733.35,   111.06,   482.10
  732.33,   108.75,   607.08
  735.06,   238.34,   359.44
  734.04,   236.03,   484.42
  733.02,   233.72,   609.39
  735.75,   363.32,   361.76
  734.74,   361.01,   486.73
  733.72,   358.70,   611.71
  859.36,   112.65,   358.14
  858.34,   110.35,   483.11
  857.33,   108.04,   608.09
  860.06,   237.63,   360.45
  859.04,   235.32,   485.43
  858.02,   233.01,   610.40
  860.75,   362.61,   362.77
  859.73,   360.30,   487.74
  858.71,   357.99,   612.72
  603.73,   100.89,   477.89
  601.16,   104.45,   602.81
  598.58,   108.02,   727.74
  602.36,   225.83,   474.29
  599.78,   229.39,   599.22
  597.21,   232.96,   724.14
  600.98,   350.77,   470.70
  598.41,   354.33,   595.62
  595.84,   357.90,   720.54
  728.70,   102.33,   480.43
  726.12,   105.90,   605.35
  723.55,   109.47,   730.27
  727.32,   227.27,   476.83
  724.75,   230.84,   601.75
  722.18,   234.41,   726.67
  725.95,   352.21,   473.23
  723.38,   355.78,   598.15
  720.80,   359.35,   723.08
  853.66,   103.78,   482.96
  851.09,   107.35,   607.88
  848.52,   110.92,   732.80
  852.29,   228.72,   479.36
  849.72,   232.29,   604.28
  847.14,   235.86,   729.21
  850.92,   353.66,   475.77
  848.34,   357.23,   600.69
  845.77,   360.80,   725.61
  602.66,    96.76,   601.71
  605.49,    94.86,   726.67
  608.32,    92.96,   851.62
  604.37,   221.73,   603.57
  607.20,   219.83,   728.53
  610.03,   217.93,   853.48
  606.08,   346.71,   605.44
  608.91,   344.81,   730.39
  611.74,   342.91,   855.34
  727.62,    95.09,   598.86
  730.44,    93.19,   723.81
  733.27,    91.29,   848.77
  729.33,   220.07,   600.72
  732.16,   218.17,   725.67
  734.98,   216.26,   850.63
  731.04,   345.04,   602.58
  733.87,   343.14,   727.54
  736.69,   341.24,   852.49
  852.57,    93.42,   596.01
  855.40,    91.52,   720.96
  858.23,    89.62,   845.91
  854.28,   218.40,   597.87
  857.11,   216.50,   722.82
  859.94,   214.60,   847.77
  855.99,   343.37,   599.73
  858.82,   341.47,   724.68
  861.65,   339.57,   849.64
  596.08,   221.73,    99.26
  593.78,   221.57,   224.24
  591.48,   221.42,   349.22
  592.63,   346.68,    99.36
  590.32,   346.53,   224.33
  588.02,   346.37,   349.31
  589.17,   471.63,    99.45
  586.87,   471.48,   224.43
  584.56,   471.32,   349.41
  721.02,   225.19,   101.57
  718.71,   225.03,   226.55
  716.41,   224.87,   351.53
  717.56,   350.14,   101.66
  715.25,   349.98,   226.64
  712.95,   349.83,   351.62
  714.10,   475.09,   101.75
  711.80,   474.93,   226.73
  709.49,   474.78,   351.71
  845.95,   228.64,   103.87
  843.64,   228.49,   228.85
  841.34,   228.33,   353.83
  842.49,   353.59,   103.97
  840.19,   353.44,   228.94
  837.88,   353.28,   353.92
  839.03,   478.55,   104.06
  836.73,   478.39,   229.04
  834.43,   478.23,   354.02
  609.57,   234.32,   230.87
  605.66,   235.71,   355.80
  601.76,   237.11,   480.73
  612.42,   359.28,   229.57
  608.52,   360.67,   354.50
  604.61,   362.07,   479.43
  615.28,   484.24,   228.26
  611.37,   485.63,   353.19
  607.46,   487.03,   478.12
  734.47,   231.51,   234.81
  730.57,   232.90,   359.74
  726.66,   234.30,   484.67
  737.33,   356.47,   233.50
  733.42,   357.86,   358.43
  729.52,   359.26,   483.37
  740.18,   481.43,   232.20
  736.28,   482.82,   357.13
  732.37,   484.22,   482.06
  859.38,   228.70,   238.74
  855.47,   230.09,   363.68
  851.57,   231.48,   488.61
  862.23,   353.66,   237.44
  858.33,   355.05,   362.37
  854.42,   356.44,   487.30
  865.09,   478.62,   236.14
  861.18,   480.01,   361.07
  857.28,   481.40,   486.00
  594.48,   213.99,   345.70
  597.33,   213.33,   470.67
  600.19,   212.67,   595.63
  595.70,   338.98,   346.33
  598.56,   338.32,   471.30
  601.42,   337.66,   596.26
  596.93,   463.97,   346.96
  599.79,   463.32,   471.93
  602.64,   462.66,   596.89
  719.44,   212.78,   342.84
  722.29,   212.12,   467.81
  725.15,   211.46,   592.77
  720.67,   337.77,   343.47
  723.52,   337.11,   468.44
  726.38,   336.45,   593.40
  721.89,   462.76,   344.10
  724.75,   462.10,   469.07
  727.60,   461.44,   594.03
  844.40,   211.56,   339.98
  847.25,   210.90,   464.94
  850.11,   210.25,   589.91
  845.63,   336.56,   340.61
  848.48,   335.90,   465.57
  851.34,   335.24,   590.54
  846.85,   461.55,   341.24
  849.71,   460.89,   466.20
  852.57,   460.23,   591.17
  594.26,   223.10,   469.20
  592.60,   220.22,   594.15
  590.94,   217.34,   719.11
  593.94,   348.07,   472.07
  592.28,   345.19,   597.03
  590.62,   342.30,   721.98
  593.62,   473.03,   474.95
  591.96,   470.15,   599.91
  590.30,   467.27,   724.86
  719.25,   223.38,   470.86
  717.59,   220.50,   595.82
  715.93,   217.62,   720.78
  718.93,   348.35,   473.74
  717.27,   345.47,   598.70
  715.61,   342.59,   723.65
  718.61,   473.32,   476.62
  716.95,   470.43,   601.58
  715.29,   467.55,   726.53
  844.24,   223.66,   472.53
  842.58,   220.78,   597.49
  840.92,   217.90,   722.44
  843.92,   348.63,   475.41
  842.26,   345.75,   600.37
  840.60,   342.87,   725.32
  843.60,   473.60,   478.29
  841.94,   470.72,   603.24
  840.28,   467.83,   728.20
  604.94,   227.03,   603.74
  601.67,   230.39,   728.65
  598.40,   233.76,   853.56
  604.36,   351.98,   600.36
  601.09,   355.35,   725.27
  597.82,   358.71,   850.18
  603.78,   476.94,   596.98
  600.51,   480.30,   721.89
  597.24,   483.66,   846.80
  729.89,   227.69,   606.99
  726.62,   231.06,   731.90
  723.35,   234.42,   856.81
  729.31,   352.65,   603.61
  726.04,   356.01,   728.52
  722.77,   359.38,   853.43
  728.74,   477.60,   600.23
  725.47,   480.97,   725.14
  722.20,   484.33,   850.05
  854.85,   228.36,   610.24
  851.58,   231.72,   735.15
  848.31,   235.09,   860.07
  854.27,   353.31,   606.86
  851.00,   356.68,   731.77
  847.73,   360.04,   856.69
  853.69,   478.27,   603.48
  850.42,   481.63,   728.39
  847.15,   484.99,   853.31
  608.63,   346.17,   100.89
  606.32,   344.09,   225.85
  604.02,   342.01,   350.81
  607.07,   471.14,   102.94
  604.77,   469.06,   227.90
  602.46,   466.98,   352.86
  605.52,   596.12,   104.99
  603.21,   594.04,   229.95
  600.91,   591.95,   354.92
  733.60,   347.69,   103.22
  731.29,   345.61,   228.18
  728.99,   343.53,   353.14
  732.04,   472.66,   105.27
  729.74,   470.58,   230.23
  727.43,   468.50,   355.19
  730.49,   597.64,   107.32
  728.18,   595.55,   232.29
  725.88,   593.47,   357.25
  858.57,   349.21,   105.55
  856.26,   347.13,   230.51
  853.96,   345.04,   355.47
  857.01,   474.18,   107.60
  854.71,   472.10,   232.56
  852.40,   470.02,   357.52
  855.45,   599.15,   109.66
  853.15,   597.07,   234.62
  850.84,   594.99,   359.58
  596.96,   356.01,   224.91
  596.47,   353.25,   349.88
  595.99,   350.48,   474.85
  592.90,   480.92,   227.66
  592.42,   478.15,   352.63
  591.93,   475.38,   477.60
  588.84,   605.82,   230.41
  588.36,   603.05,   355.38
  587.88,   600.29,   480.35
  721.89,   360.06,   225.48
  721.41,   357.29,   350.45
  720.92,   354.52,   475.42
  717.83,   484.96,   228.23
  717.35,   482.20,   353.20
  716.87,   479.43,   478.17
  713.78,   609.87,   230.98
  713.29,   607.10,   355.95
  712.81,   604.33,   480.92
  846.82,   364.10,   226.05
  846.34,   361.34,   351.02
  845.86,   358.57,   475.99
  842.77,   489.01,   228.80
  842.28,   486.24,   353.77
  841.80,   483.47,   478.74
  838.71,   613.91,   231.55
  838.23,   611.14,   356.52
  837.74,   608.38,   481.49
  604.90,   351.00,   352.77
  604.87,   346.91,   477.70
  604.85,   342.83,   602.64
  606.05,   475.93,   356.85
  606.03,   471.84,   481.79
  606.00,   467.76,   606.72
  607.21,   600.85,   360.94
  607.18,   596.77,   485.87
  607.16,   592.68,   610.80
  729.89,   349.84,   352.76
  729.87,   345.76,   477.69
  729.84,   341.67,   602.62
  731.05,   474.77,   356.84
  731.02,   470.69,   481.78
  731.00,   466.60,   606.71
  732.20,   599.70,   360.93
  732.18,   595.61,   485.86
  732.15,   591.53,   610.79
  854.89,   348.69,   352.75
  854.86,   344.60,   477.68
  854.83,   340.52,   602.61
  856.04,   473.61,   356.83
  856.02,   469.53,   481.76
  855.99,   465.45,   606.70
  857.20,   598.54,   360.92
  857.17,   594.46,   485.85
  857.15,   590.37,   610.78
  588.20,   353.24,   467.42
  589.21,   351.30,   592.40
  590.23,   349.36,   717.38
  584.70,   478.17,   469.39
  585.71,   476.23,   594.37
  586.73,   474.29,   719.35
  581.19,   603.11,   471.36
  582.21,   601.17,   596.34
  583.22,   599.23,   721.32
  713.15,   356.76,   466.46
  714.16,   354.82,   591.44
  715.18,   352.88,   716.42
  709.64,   481.69,   468.43
  710.66,   479.75,   593.41
  711.67,   477.81,   718.39
  706.14,   606.63,   470.40
  707.15,   604.69,   595.38
  708.17,   602.75,   720.36
  838.09,   360.28,   465.50
  839.11,   358.34,   590.48
  840.12,   356.40,   715.46
  834.59,   485.21,   467.47
  835.60,   483.27,   592.45
  836.62,   481.33,   717.43
  831.09,   610.15,   469.44
  832.10,   608.21,   594.42
  833.12,   606.27,   719.40
  594.31,   342.30,   590.35
  593.33,   342.92,   715.35
  592.35,   343.55,   840.34
  594.22,   467.29,   589.73
  593.24,   467.92,   714.72
  592.26,   468.54,   839.71
  594.12,   592.29,   589.10
  593.14,   592.92,   714.09
  592.16,   593.54,   839.09
  719.31,   342.40,   591.33
  718.33,   343.02,   716.33
  717.35,   343.65,   841.32
  719.21,   467.39,   590.71
  718.23,   468.02,   715.70
  717.25,   468.64,   840.69
  719.12,   592.39,   590.08
  718.14,   593.02,   715.07
  717.16,   593.64,   840.07
  844.30,   342.49,   592.31
  843.32,   343.12,   717.31
  842.34,   343.74,   842.30
  844.21,   467.49,   591.68
  843.23,   468.12,   716.68
  842.25,   468.74,   841.67
  844.11,   592.49,   591.06
  843.13,   593.12,   716.05
  842.15,   593.74,   841.05
  599.75,   484.07,   103.07
  596.64,   485.74,   228.02
  593.54,   487.40,   352.97
  598.37,   609.05,   101.37
  595.27,   610.72,   226.32
  592.17,   612.38,   351.27
  597.00,   734.04,    99.67
  593.90,   735.70,   224.62
  590.79,   737.36,   349.57
  724.70,   485.49,   106.15
  721.59,   487.15,   231.11
  718.49,   488.81,   356.06
  723.33,   610.47,   104.46
  720.22,   612.13,   229.41
  717.12,   613.79,   354.36
  721.96,   735.45,   102.76
  718.85,   737.11,   227.71
  715.75,   738.77,   352.66
  849.65,   486.90,   109.24
  846.55,   488.56,   234.19
  843.44,   490.23,   359.14
  848.28,   611.88,   107.54
  845.18,   613.54,   232.49
  842.07,   615.21,   357.44
  846.91,   736.86,   105.84
  843.81,   738.52,   230.80
  840.70,   740.19,   355.75
  594.52,   480.70,   222.96
  593.77,   479.16,   347.95
  593.03,   477.61,   472.94
  594.27,   605.69,   224.51
  593.53,   604.15,   349.49
  592.78,   602.60,   474.48
  594.03,   730.68,   226.05
  593.28,   729.14,   351.04
  592.53,   727.59,   476.02
  719.52,   480.94,   223.71
  718.77,   479.40,   348.70
  718.03,   477.85,   473.69
  719.27,   605.93,   225.26
  718.52,   604.39,   350.24
  717.78,   602.84,   475.23
  719.02,   730.92,   226.80
  718.28,   729.38,   351.79
  717.53,   727.83,   476.77
  844.51,   481.18,   224.46
  843.77,   479.63,   349.45
  843.02,   478.09,   474.44
  844.27,   606.17,   226.00
  843.52,   604.62,   350.99
  842.78,   603.08,   475.98
  844.02,   731.16,   227.55
  843.27,   729.61,   352.53
  842.53,   728.07,   477.52
  596.31,   459.60,   343.15
  596.58,   458.13,   468.14
  596.84,   456.65,   593.13
  593.88,   584.57,   344.62
  594.15,   583.09,   469.62
  594.41,   581.62,   594.61
  591.45,   709.53,   346.10
  591.72,   708.06,   471.09
  591.98,   706.59,   596.08
  721.29,   462.03,   342.91
  721.55,   460.56,   467.90
  721.82,   459.09,   592.89
  718.86,   587.00,   344.39
  719.12,   585.53,   469.38
  719.39,   584.05,   594.37
  716.43,   711.96,   345.87
  716.70,   710.49,   470.86
  716.96,   709.02,   595.85
  846.26,   464.46,   342.68
  846.53,   462.99,   467.67
  846.79,   461.52,   592.66
  843.84,   589.43,   344.15
  844.10,   587.96,   469.14
  844.36,   586.48,   594.13
  841.41,   714.40,   345.63
  841.67,   712.92,   470.62
  841.94,   711.45,   595.61
  603.59,   478.55,   477.66
  600.64,   477.17,   602.61
  597.70,   475.78,   727.57
  604.09,   603.54,   479.05
  601.15,   602.16,   604.01
  598.21,   600.78,   728.97
  604.60,   728.53,   480.45
  601.66,   727.15,   605.40
  598.71,   725.77,   730.36
  728.55,   478.01,   480.60
  725.61,   476.63,   605.55
  722.66,   475.24,   730.51
  729.06,   603.00,   481.99
  726.11,   601.62,   606.95
  723.17,   600.23,   731.91
  729.57,   727.99,   483.39
  726.62,   726.61,   608.34
  723.68,   725.23,   733.30
  853.51,   477.47,   483.53
  850.57,   476.08,   608.49
  847.63,   474.70,   733.45
  854.02,   602.46,   484.93
  851.08,   601.08,   609.89
  848.13,   599.69,   734.84
  854.53,   727.45,   486.32
  851.59,   726.07,   611.28
  848.64,   724.68,   736.24
  607.21,   478.20,   605.33
  609.61,   477.15,   730.31
  612.01,   476.10,   855.28
  604.63,   603.17,   606.44
  607.03,   602.12,   731.41
  609.43,   601.07,   856.38
  602.05,   728.14,   607.54
  604.45,   727.08,   732.51
  606.85,   726.03,   857.48
  732.16,   480.80,   602.96
  734.56,   479.75,   727.93
  736.96,   478.70,   852.90
  729.58,   605.77,   604.06
  731.98,   604.72,   729.03
  734.38,   603.66,   854.00
  727.00,   730.73,   605.16
  729.40,   729.68,   730.13
  731.81,   728.63,   855.10
  857.11,   483.40,   600.58
  859.51,   482.35,   725.55
  861.91,   481.30,   850.52
  854.53,   608.37,   601.68
  856.93,   607.31,   726.65
  859.33,   606.26,   851.62
  851.95,   733.33,   602.78
  854.35,   732.28,   727.75
  856.76,   731.23,   852.72
  597.87,   585.77,    92.37
  597.84,   589.69,   217.31
  597.81,   593.61,   342.25
  597.75,   710.71,    88.45
  597.73,   714.63,   213.39
  597.70,   718.55,   338.33
  597.64,   835.65,    84.54
  597.62,   839.57,   209.48
  597.59,   843.49,   334.41
  722.87,   585.89,    92.39
  722.84,   589.80,   217.33
  722.81,   593.72,   342.27
  722.75,   710.83,    88.48
  722.73,   714.74,   213.42
  722.70,   718.66,   338.35
  722.64,   835.76,    84.56
  722.62,   839.68,   209.50
  722.59,   843.60,   334.44
  847.87,   586.00,    92.42
  847.84,   589.92,   217.36
  847.81,   593.84,   342.29
  847.75,   710.94,    88.50
  847.73,   714.86,   213.44
  847.70,   718.77,   338.38
  847.64,   835.88,    84.58
  847.62,   839.79,   209.52
  847.59,   843.71,   334.46
  600.80,   613.36,   231.31
  598.60,   612.17,   356.28
  596.39,   610.98,   481.26
  596.87,   738.29,   232.43
  594.66,   737.11,   357.40
  592.46,   735.92,   482.38
  592.94,   863.23,   233.55
  590.73,   862.04,   358.52
  588.53,   860.85,   483.50
  725.72,   617.27,   233.55
  723.51,   616.08,   358.52
  721.31,   614.89,   483.50
  721.79,   742.20,   234.67
  719.58,   741.02,   359.64
  717.38,   739.83,   484.62
  717.86,   867.14,   235.79
  715.65,   865.95,   360.76
  713.45,   864.76,   485.74
  850.64,   621.18,   235.79
  848.43,   619.99,   360.76
  846.23,   618.81,   485.74
  846.71,   746.12,   236.91
  844.50,   744.93,   361.88
  842.30,   743.74,   486.86
  842.77,   871.05,   238.03
  840.57,   869.86,   363.00
  838.36,   868.67,   487.98
  597.20,   594.15,   347.42
  597.76,   596.06,   472.41
  598.32,   597.97,   597.39
  601.30,   719.07,   345.49
  601.85,   720.98,   470.48
  602.41,   722.89,   595.46
  605.39,   843.99,   343.57
  605.95,   845.90,   468.55
  606.51,   847.81,   593.54
  722.13,   590.05,   346.93
  722.69,   591.96,   471.91
  723.25,   593.87,   596.89
  726.23,   714.97,   345.00
  726.79,   716.88,   469.98
  727.34,   718.79,   594.97
  730.32,   839.89,   343.07
  730.88,   841.80,   468.06
  731.44,   843.71,   593.04
  847.07,   585.95,   346.43
  847.62,   587.86,   471.42
  848.18,   589.77,   596.40
  851.16,   710.87,   344.50
  851.72,   712.78,   469.49
  852.28,   714.69,   594.47
  855.25,   835.78,   342.58
  855.81,   837.69,   467.56
  856.37,   839.60,   592.55
  587.02,   601.30,   468.28
  591.35,   603.73,   593.18
  595.67,   606.17,   718.08
  587.19,   726.27,   465.83
  591.52,   728.71,   590.74
  595.84,   731.15,   715.64
  587.36,   851.25,   463.39
  591.69,   853.69,   588.29
  596.01,   856.12,   713.20
  711.95,   601.04,   463.96
  716.27,   603.48,   588.86
  720.60,   605.92,   713.76
  712.12,   726.02,   461.52
  716.44,   728.46,   586.42
  720.77,   730.89,   711.32
  712.29,   851.00,   459.07
  716.61,   853.43,   583.97
  720.93,   855.87,   708.88
  836.87,   600.79,   459.64
  841.20,   603.23,   584.54
  845.52,   605.66,   709.44
  837.04,   725.77,   457.20
  841.37,   728.20,   582.10
  845.69,   730.64,   707.00
  837.21,   850.74,   454.75
  841.54,   853.18,   579.66
  845.86,   855.61,   704.56
  604.08,   595.69,   598.64
  603.66,   595.54,   723.64
  603.24,   595.39,   848.64
  604.26,   720.69,   598.79
  603.84,   720.54,   723.79
  603.42,   720.39,   848.79
  604.44,   845.69,   598.94
  604.02,   845.54,   723.94
  603.60,   845.39,   848.94
  729.08,   595.51,   599.06
  728.66,   595.36,   724.06
  728.24,   595.21,   849.06
  729.26,   720.51,   599.21
  728.84,   720.36,   724.21
  728.42,   720.21,   849.21
  729.44,   845.51,   599.36
  729.02,   845.36,   724.36
  728.60,   845.21,   849.36
  854.08,   595.33,   599.48
  853.66,   595.18,   724.48
  853.24,   595.03,   849.48
  854.26,   720.33,   599.63
  853.84,   720.18,   724.63
  853.42,   720.03,   849.63
  854.44,   845.33,   599.78
  854.02,   845.18,   724.78
  853.60,   845.03,   849.78
