27, 125, pa2-debug-e-output1.txt
  207.91,   199.65,   191.98
  404.96,   392.79,   203.57
  101.32,   109.71,    99.60
  104.40,   111.27,   224.55
  107.48,   112.83,   349.51
   97.02,   234.63,    98.15
  100.10,   236.19,   223.10
  103.18,   237.75,   348.05
   92.73,   359.54,    96.69
   95.81,   361.11,   221.64
   98.89,   362.67,   346.59
  226.21,   113.97,    96.47
  229.29,   115.53,   221.42
  232.37,   117.09,   346.37
  221.91,   238.88,    95.01
  224.99,   240.45,   219.97
  228.07,   242.01,   344.92
  217.62,   363.80,    93.56
  220.70,   365.36,   218.51
  223.77,   366.93,   343.46
  351.10,   118.23,    93.34
  354.18,   119.79,   218.29
  357.25,   121.35,   343.24
  346.80,   243.14,    91.88
  349.88,   244.71,   216.84
  352.96,   246.27,   341.79
  342.51,   368.06,    90.43
  345.58,   369.62,   215.38
  348.66,   371.18,   340.33
  110.03,   108.26,   227.14
  108.37,   105.81,   352.11
  106.71,   103.36,   477.07
  109.43,   233.24,   229.58
  107.77,   230.79,   354.55
  106.11,   228.34,   479.51
  108.83,   358.21,   232.03
  107.17,   355.76,   356.99
  105.51,   353.31,   481.96
  235.02,   108.83,   228.82
  233.35,   106.38,   353.78
  231.69,   103.93,   478.75
  234.42,   233.81,   231.26
  232.76,   231.36,   356.22
  231.09,   228.91,   481.19
  233.82,   358.78,   233.70
  232.16,   356.33,   358.67
  230.49,   353.88,   483.63
  360.00,   109.40,   230.49
  358.34,   106.95,   355.45
  356.68,   104.50,   480.42
  359.41,   234.37,   232.93
  357.74,   231.92,   357.90
  356.08,   229.47,   482.86
  358.81,   359.35,   235.37
  357.14,   356.90,   360.34
  355.48,   354.45,   485.30
  110.15,   103.86,   350.54
  112.51,   105.02,   475.51
  114.87,   106.18,   600.48
  111.09,   228.85,   349.36
  113.45,   230.01,   474.33
  115.81,   231.17,   599.31
  112.03,   353.84,   348.19
  114.39,   355.00,   473.16
  116.75,   356.16,   598.13
  235.12,   102.90,   348.18
  237.48,   104.06,   473.16
  239.85,   105.21,   598.13
  236.06,   227.89,   347.01
  238.42,   229.05,   471.98
  240.78,   230.21,   596.95
  237.00,   352.88,   345.83
  239.36,   354.04,   470.80
  241.72,   355.20,   595.78
  360.10,   101.94,   345.83
  362.46,   103.10,   470.80
  364.82,   104.25,   595.77
  361.04,   226.93,   344.66
  363.40,   228.09,   469.63
  365.76,   229.24,   594.60
  361.98,   351.92,   343.48
  364.34,   353.08,   468.45
  366.70,   354.24,   593.42
   90.66,   105.13,   473.79
   94.03,   103.93,   598.74
   97.40,   102.73,   723.69
   89.09,   230.11,   475.03
   92.46,   228.91,   599.98
   95.83,   227.71,   724.93
   87.51,   355.10,   476.28
   90.88,   353.90,   601.23
   94.26,   352.69,   726.17
  215.60,   106.74,   470.43
  218.97,   105.53,   595.38
  222.35,   104.33,   720.33
  214.03,   231.72,   471.68
  217.40,   230.52,   596.62
  220.77,   229.32,   721.57
  212.46,   356.70,   472.92
  215.83,   355.50,   597.87
  219.20,   354.30,   722.82
  340.55,   108.34,   467.07
  343.92,   107.14,   592.02
  347.29,   105.94,   716.97
  338.97,   233.32,   468.32
  342.35,   232.12,   593.27
  345.72,   230.92,   718.22
  337.40,   358.31,   469.56
  340.77,   357.11,   594.51
  344.15,   355.91,   719.46
  106.79,   109.89,   602.30
  104.25,   108.92,   727.27
  101.71,   107.95,   852.24
  105.78,   234.89,   603.25
  103.24,   233.92,   728.22
  100.70,   232.95,   853.19
  104.78,   359.88,   604.20
  102.23,   358.91,   729.17
   99.69,   357.94,   854.14
  231.76,   110.88,   604.85
  229.22,   109.91,   729.82
  226.68,   108.94,   854.79
  230.75,   235.88,   605.80
  228.21,   234.91,   730.77
  225.67,   233.94,   855.74
  229.75,   360.87,   606.75
  227.20,   359.90,   731.72
  224.66,   358.93,   856.69
  356.73,   111.87,   607.40
  354.19,   110.90,   732.37
  351.65,   109.93,   857.34
  355.72,   236.87,   608.35
  353.18,   235.90,   733.32
  350.64,   234.93,   858.29
  354.72,   361.86,   609.30
  352.17,   360.89,   734.27
  349.63,   359.92,   859.24
  102.36,   237.84,   101.55
   99.12,   233.07,   226.42
   95.88,   228.31,   351.29
  100.32,   362.73,   106.27
   97.08,   357.97,   231.13
   93.84,   353.20,   356.00
   98.29,   487.62,   110.98
   95.05,   482.86,   235.85
   91.81,   478.10,   360.71
  227.30,   239.75,   104.87
  224.06,   234.98,   229.74
  220.82,   230.22,   354.60
  225.26,   364.64,   109.58
  222.02,   359.87,   234.45
  218.78,   355.11,   359.32
  223.23,   489.53,   114.29
  219.99,   484.77,   239.16
  216.75,   480.00,   364.03
  352.24,   241.65,   108.18
  349.00,   236.89,   233.05
  345.76,   232.12,   357.92
  350.21,   366.55,   112.90
  346.97,   361.78,   237.76
  343.73,   357.02,   362.63
  348.17,   491.44,   117.61
  344.93,   486.68,   242.48
  341.69,   481.91,   367.34
  104.63,   232.62,   227.80
  106.50,   232.75,   352.79
  108.38,   232.89,   477.77
  104.06,   357.62,   227.67
  105.94,   357.75,   352.66
  107.81,   357.89,   477.64
  103.49,   482.61,   227.54
  105.37,   482.75,   352.53
  107.25,   482.89,   477.51
  229.61,   233.18,   225.92
  231.49,   233.32,   350.91
  233.37,   233.46,   475.89
  229.04,   358.18,   225.79
  230.92,   358.32,   350.78
  232.80,   358.45,   475.76
  228.48,   483.18,   225.66
  230.35,   483.32,   350.65
  232.23,   483.45,   475.64
  354.59,   233.75,   224.04
  356.47,   233.88,   349.03
  358.35,   234.02,   474.01
  354.03,   358.74,   223.91
  355.91,   358.88,   348.90
  357.78,   359.02,   473.89
  353.46,   483.74,   223.79
  355.34,   483.88,   348.77
  357.22,   484.02,   473.76
  112.98,   222.10,   348.29
  109.82,   223.55,   473.25
  106.66,   224.99,   598.20
  116.59,   347.05,   346.94
  113.43,   348.49,   471.90
  110.27,   349.93,   596.85
  120.20,   471.99,   345.59
  117.04,   473.43,   470.55
  113.88,   474.87,   595.50
  237.89,   218.53,   351.49
  234.73,   219.97,   476.45
  231.57,   221.42,   601.40
  241.50,   343.47,   350.14
  238.34,   344.91,   475.10
  235.18,   346.36,   600.05
  245.10,   468.41,   348.79
  241.94,   469.86,   473.75
  238.79,   471.30,   598.70
  362.80,   214.96,   354.69
  359.64,   216.40,   479.64
  356.48,   217.84,   604.60
  366.41,   339.90,   353.34
  363.25,   341.34,   478.29
  360.09,   342.78,   603.25
  370.01,   464.84,   351.99
  366.85,   466.28,   476.95
  363.69,   467.73,   601.90
  108.54,   216.29,   474.99
  104.14,   217.63,   599.90
   99.74,   218.98,   724.82
  106.72,   341.27,   473.58
  102.32,   342.61,   598.49
   97.92,   343.96,   723.41
  104.90,   466.25,   472.17
  100.50,   467.59,   597.08
   96.09,   468.94,   722.00
  233.45,   218.16,   479.37
  229.05,   219.50,   604.29
  224.64,   220.85,   729.20
  231.63,   343.14,   477.96
  227.23,   344.48,   602.88
  222.82,   345.83,   727.79
  229.81,   468.12,   476.55
  225.41,   469.46,   601.47
  221.00,   470.80,   726.38
  358.36,   220.03,   483.76
  353.96,   221.37,   608.67
  349.55,   222.72,   733.59
  356.54,   345.01,   482.35
  352.14,   346.35,   607.26
  347.73,   347.70,   732.18
  354.72,   469.99,   480.94
  350.32,   471.33,   605.85
  345.91,   472.67,   730.77
  106.57,   218.46,   599.07
  104.12,   219.59,   724.04
  101.68,   220.71,   849.01
  109.72,   343.42,   598.01
  107.28,   344.54,   722.98
  104.83,   345.66,   847.95
  112.88,   468.37,   596.95
  110.43,   469.50,   721.92
  107.98,   470.62,   846.89
  231.51,   215.33,   601.54
  229.06,   216.45,   726.51
  226.61,   217.58,   851.49
  234.66,   340.29,   600.48
  232.21,   341.41,   725.45
  229.77,   342.53,   850.42
  237.81,   465.24,   599.42
  235.37,   466.37,   724.39
  232.92,   467.49,   849.36
  356.44,   212.20,   604.02
  354.00,   213.32,   728.99
  351.55,   214.45,   853.96
  359.60,   337.15,   602.96
  357.15,   338.28,   727.93
  354.70,   339.40,   852.90
  362.75,   462.11,   601.89
  360.30,   463.23,   726.86
  357.86,   464.36,   851.84
  102.09,   353.58,   100.20
   98.18,   352.78,   225.14
   94.27,   351.97,   350.07
  104.31,   478.56,   101.08
  100.39,   477.75,   226.01
   96.48,   476.95,   350.95
  106.52,   603.54,   101.95
  102.61,   602.73,   226.89
   98.69,   601.93,   351.82
  227.01,   351.34,   104.10
  223.10,   350.54,   229.04
  219.19,   349.73,   353.97
  229.23,   476.32,   104.97
  225.31,   475.52,   229.91
  221.40,   474.71,   354.85
  231.44,   601.30,   105.85
  227.52,   600.49,   230.79
  223.61,   599.69,   355.72
  351.93,   349.10,   108.00
  348.02,   348.30,   232.93
  344.11,   347.49,   357.87
  354.14,   474.08,   108.87
  350.23,   473.28,   233.81
  346.32,   472.47,   358.74
  356.36,   599.06,   109.75
  352.44,   598.25,   234.68
  348.53,   597.45,   359.62
   95.96,   344.17,   220.81
   94.36,   341.83,   345.78
   92.76,   339.49,   470.75
   94.90,   469.14,   223.14
   93.30,   466.80,   348.10
   91.71,   464.46,   473.07
   93.85,   594.12,   225.46
   92.25,   591.78,   350.43
   90.65,   589.44,   475.40
  220.94,   345.19,   222.43
  219.35,   342.86,   347.39
  217.75,   340.52,   472.36
  219.89,   470.17,   224.75
  218.29,   467.83,   349.72
  216.69,   465.49,   474.69
  218.83,   595.14,   227.08
  217.23,   592.80,   352.05
  215.64,   590.46,   477.01
  345.93,   346.22,   224.04
  344.33,   343.88,   349.01
  342.73,   341.54,   473.98
  344.87,   471.19,   226.37
  343.28,   468.86,   351.34
  341.68,   466.52,   476.30
  343.82,   596.17,   228.69
  342.22,   593.83,   353.66
  340.62,   591.49,   478.63
   91.62,   354.81,   351.56
   93.66,   356.94,   476.52
   95.69,   359.07,   601.49
   87.87,   479.74,   349.49
   89.90,   481.87,   474.46
   91.93,   483.99,   599.42
   84.12,   604.67,   347.43
   86.15,   606.79,   472.40
   88.18,   608.92,   597.36
  216.55,   358.53,   349.46
  218.58,   360.66,   474.43
  220.62,   362.79,   599.39
  212.80,   483.46,   347.40
  214.83,   485.59,   472.36
  216.86,   487.71,   597.33
  209.04,   608.39,   345.33
  211.08,   610.51,   470.30
  213.11,   612.64,   595.27
  341.48,   362.25,   347.37
  343.51,   364.38,   472.33
  345.54,   366.51,   597.30
  337.72,   487.18,   345.30
  339.76,   489.31,   470.27
  341.79,   491.43,   595.23
  333.97,   612.11,   343.24
  336.00,   614.23,   468.20
  338.03,   616.36,   593.17
  110.33,   340.71,   473.15
  110.91,   345.33,   598.06
  111.48,   349.96,   722.97
  113.90,   465.57,   468.50
  114.48,   470.20,   593.42
  115.05,   474.83,   718.33
  117.47,   590.43,   463.86
  118.04,   595.06,   588.77
  118.62,   599.69,   713.69
  235.28,   337.12,   472.71
  235.85,   341.75,   597.62
  236.43,   346.38,   722.53
  238.85,   461.98,   468.06
  239.42,   466.61,   592.98
  240.00,   471.24,   717.89
  242.42,   586.84,   463.42
  242.99,   591.47,   588.33
  243.56,   596.10,   713.25
  360.23,   333.53,   472.27
  360.80,   338.16,   597.18
  361.37,   342.79,   722.09
  363.80,   458.39,   467.62
  364.37,   463.02,   592.54
  364.94,   467.65,   717.45
  367.37,   583.26,   462.98
  367.94,   587.88,   587.89
  368.51,   592.51,   712.81
  104.24,   351.05,   601.63
  106.11,   352.71,   726.61
  107.97,   354.37,   851.59
  101.72,   476.01,   600.01
  103.58,   477.67,   724.99
  105.45,   479.33,   849.96
   99.20,   600.98,   598.39
  101.06,   602.64,   723.37
  102.93,   604.30,   848.34
  229.20,   353.55,   599.74
  231.07,   355.21,   724.71
  232.93,   356.87,   849.69
  226.68,   478.51,   598.11
  228.54,   480.17,   723.09
  230.41,   481.83,   848.06
  224.16,   603.48,   596.49
  226.02,   605.14,   721.47
  227.89,   606.79,   846.44
  354.16,   356.05,   597.84
  356.03,   357.71,   722.81
  357.89,   359.37,   847.79
  351.64,   481.01,   596.22
  353.51,   482.67,   721.19
  355.37,   484.33,   846.17
  349.12,   605.97,   594.59
  350.98,   607.63,   719.57
  352.85,   609.29,   844.54
  117.80,   470.36,    99.05
  114.06,   472.11,   223.98
  110.32,   473.86,   348.91
  121.77,   595.28,    97.41
  118.03,   597.04,   222.34
  114.30,   598.79,   347.28
  125.74,   720.21,    95.78
  122.00,   721.96,   220.71
  118.27,   723.71,   345.64
  242.68,   466.44,   102.84
  238.94,   468.19,   227.77
  235.21,   469.94,   352.70
  246.65,   591.36,   101.20
  242.91,   593.12,   226.13
  239.18,   594.87,   351.07
  250.62,   716.29,    99.57
  246.88,   718.04,   224.50
  243.15,   719.79,   349.43
  367.56,   462.52,   106.63
  363.82,   464.27,   231.56
  360.09,   466.02,   356.49
  371.53,   587.45,   104.99
  367.79,   589.20,   229.92
  364.06,   590.95,   354.86
  375.50,   712.37,   103.36
  371.76,   714.12,   228.29
  368.03,   715.87,   353.22
  111.11,   479.50,   226.29
  108.98,   475.40,   351.20
  106.85,   471.30,   476.12
  115.11,   604.37,   230.46
  112.98,   600.27,   355.37
  110.85,   596.16,   480.28
  119.12,   729.24,   234.63
  116.98,   725.13,   359.54
  114.85,   721.03,   484.45
  236.03,   475.43,   228.28
  233.89,   471.33,   353.20
  231.76,   467.23,   478.11
  240.03,   600.30,   232.45
  237.90,   596.20,   357.37
  235.77,   592.09,   482.28
  244.03,   725.17,   236.62
  241.90,   721.06,   361.54
  239.77,   716.96,   486.45
  360.94,   471.36,   230.28
  358.81,   467.26,   355.20
  356.68,   463.15,   480.11
  364.95,   596.23,   234.45
  362.82,   592.12,   359.37
  360.68,   588.02,   484.28
  368.95,   721.09,   238.62
  366.82,   716.99,   363.54
  364.69,   712.89,   488.45
  100.94,   469.25,   349.33
   98.13,   470.20,   474.30
   95.31,   471.15,   599.26
  103.12,   594.22,   348.43
  100.30,   595.17,   473.39
   97.49,   596.12,   598.36
  105.29,   719.20,   347.53
  102.48,   720.15,   472.49
   99.66,   721.10,   597.46
  225.89,   467.09,   352.16
  223.08,   468.04,   477.13
  220.26,   468.99,   602.09
  228.07,   592.07,   351.26
  225.25,   593.02,   476.23
  222.44,   593.97,   601.19
  230.24,   717.05,   350.36
  227.43,   718.00,   475.32
  224.61,   718.95,   600.29
  350.84,   464.94,   354.99
  348.03,   465.89,   479.96
  345.21,   466.84,   604.92
  353.02,   589.92,   354.09
  350.20,   590.87,   479.06
  347.39,   591.82,   604.02
  355.19,   714.89,   353.19
  352.38,   715.84,   478.15
  349.56,   716.79,   603.12
   91.66,   474.27,   472.48
   95.22,   471.62,   597.40
   98.78,   468.98,   722.32
   89.33,   599.21,   475.19
   92.90,   596.57,   600.11
   96.46,   593.92,   725.03
   87.01,   724.16,   477.90
   90.57,   721.52,   602.82
   94.13,   718.87,   727.74
  216.59,   476.67,   468.97
  220.15,   474.02,   593.89
  223.71,   471.38,   718.81
  214.26,   601.62,   471.68
  217.82,   598.97,   596.60
  221.39,   596.33,   721.52
  211.94,   726.56,   474.39
  215.50,   723.92,   599.31
  219.06,   721.27,   724.23
  341.52,   479.07,   465.45
  345.08,   476.42,   590.38
  348.64,   473.78,   715.30
  339.19,   604.02,   468.17
  342.75,   601.37,   593.09
  346.31,   598.73,   718.01
  336.86,   728.96,   470.88
  340.43,   726.32,   595.80
  343.99,   723.68,   720.72
   96.58,   477.05,   601.93
  100.21,   474.47,   726.85
  103.83,   471.88,   851.78
   93.54,   601.99,   604.61
   97.16,   599.40,   729.53
  100.78,   596.81,   854.45
   90.49,   726.92,   607.29
   94.11,   724.33,   732.21
   97.74,   721.75,   857.13
  221.50,   480.18,   598.38
  225.12,   477.59,   723.30
  228.74,   475.00,   848.22
  218.45,   605.11,   601.05
  222.07,   602.52,   725.97
  225.69,   599.93,   850.89
  215.40,   730.04,   603.73
  219.02,   727.46,   728.65
  222.65,   724.87,   853.57
  346.41,   483.30,   594.82
  350.03,   480.71,   719.74
  353.65,   478.12,   844.66
  343.36,   608.23,   597.49
  346.98,   605.65,   722.41
  350.60,   603.06,   847.34
  340.31,   733.17,   600.17
  343.93,   730.58,   725.09
  347.56,   727.99,   850.01
  111.11,   600.03,    99.21
  113.09,   600.72,   224.19
  115.07,   601.40,   349.17
  112.45,   725.03,    98.50
  114.43,   725.71,   223.48
  116.41,   726.39,   348.46
  113.78,   850.02,    97.79
  115.76,   850.70,   222.78
  117.75,   851.39,   347.76
  236.09,   598.69,    97.23
  238.07,   599.37,   222.21
  240.05,   600.06,   347.20
  237.42,   723.68,    96.53
  239.40,   724.36,   221.51
  241.39,   725.05,   346.49
  238.76,   848.67,    95.82
  240.74,   849.35,   220.80
  242.72,   850.04,   345.78
  361.06,   597.34,    95.26
  363.04,   598.02,   220.24
  365.03,   598.71,   345.22
  362.40,   722.33,    94.55
  364.38,   723.01,   219.53
  366.36,   723.70,   344.52
  363.74,   847.32,    93.85
  365.72,   848.00,   218.83
  367.70,   848.69,   343.81
  109.63,   589.80,   220.74
  112.15,   592.49,   345.69
  114.68,   595.19,   470.63
  110.92,   714.76,   218.02
  113.44,   717.46,   342.97
  115.96,   720.15,   467.91
  112.20,   839.73,   215.30
  114.73,   842.42,   340.25
  117.25,   845.11,   465.20
  234.60,   588.46,   218.25
  237.12,   591.15,   343.19
  239.65,   593.84,   468.14
  235.88,   713.42,   215.53
  238.41,   716.12,   340.47
  240.93,   718.81,   465.42
  237.17,   838.39,   212.81
  239.69,   841.08,   337.76
  242.22,   843.77,   462.70
  359.57,   587.12,   215.75
  362.09,   589.81,   340.70
  364.61,   592.50,   465.64
  360.85,   712.08,   213.03
  363.38,   714.78,   337.98
  365.90,   717.47,   462.92
  362.14,   837.05,   210.31
  364.66,   839.74,   335.26
  367.18,   842.43,   460.21
   88.29,   593.19,   342.85
   87.04,   594.59,   467.84
   85.78,   595.99,   592.82
   85.39,   718.15,   341.42
   84.13,   719.55,   466.41
   82.88,   720.95,   591.39
   82.48,   843.11,   339.99
   81.23,   844.51,   464.98
   79.97,   845.91,   589.96
  213.25,   596.11,   344.07
  212.00,   597.51,   469.06
  210.74,   598.91,   594.04
  210.35,   721.07,   342.64
  209.09,   722.47,   467.63
  207.84,   723.87,   592.61
  207.44,   846.03,   341.21
  206.19,   847.43,   466.20
  204.93,   848.83,   591.18
  338.21,   599.03,   345.29
  336.96,   600.43,   470.28
  335.70,   601.83,   595.27
  335.31,   723.99,   343.86
  334.05,   725.39,   468.85
  332.80,   726.79,   593.84
  332.40,   848.95,   342.43
  331.15,   850.35,   467.42
  329.89,   851.75,   592.41
   89.39,   595.11,   472.03
   90.43,   597.74,   597.00
   91.47,   600.38,   721.97
   90.21,   720.08,   469.39
   91.24,   722.71,   594.36
   92.28,   725.35,   719.33
   91.02,   845.05,   466.75
   92.06,   847.68,   591.71
   93.09,   850.32,   716.68
  214.38,   594.27,   471.01
  215.42,   596.91,   595.98
  216.46,   599.54,   720.95
  215.20,   719.24,   468.37
  216.24,   721.88,   593.34
  217.27,   724.51,   718.31
  216.01,   844.21,   465.73
  217.05,   846.85,   590.69
  218.09,   849.48,   715.66
  339.38,   593.44,   469.99
  340.41,   596.07,   594.96
  341.45,   598.71,   719.93
  340.19,   718.40,   467.35
  341.23,   721.04,   592.32
  342.27,   723.68,   717.28
  341.01,   843.37,   464.71
  342.04,   846.01,   589.67
  343.08,   848.65,   714.64
  101.39,   604.60,   601.87
   98.72,   600.46,   726.77
   96.06,   596.32,   851.67
  102.32,   729.53,   606.02
   99.65,   725.39,   730.93
   96.99,   721.25,   855.83
  103.25,   854.46,   610.18
  100.58,   850.32,   735.09
   97.91,   846.18,   859.99
  226.36,   603.58,   604.50
  223.69,   599.44,   729.40
  221.02,   595.31,   854.31
  227.29,   728.51,   608.66
  224.62,   724.37,   733.56
  221.95,   720.23,   858.46
  228.22,   853.44,   612.82
  225.55,   849.30,   737.72
  222.88,   845.16,   862.62
  351.32,   602.57,   607.13
  348.66,   598.43,   732.04
  345.99,   594.29,   856.94
  352.25,   727.49,   611.29
  349.59,   723.35,   736.19
  346.92,   719.22,   861.10
  353.18,   852.42,   615.45
  350.52,   848.28,   740.35
  347.85,   844.14,   865.26
  227.09,   103.34,    98.86
  227.03,    99.67,   223.81
  226.96,    96.00,   348.75
  225.50,   228.28,   102.53
  225.43,   224.61,   227.48
  225.36,   220.93,   352.42
  223.90,   353.22,   106.20
  223.83,   349.54,   231.15
  223.77,   345.87,   356.10
  352.08,   104.94,    98.97
  352.02,   101.27,   223.92
  351.95,    97.59,   348.87
  350.48,   229.87,   102.65
  350.42,   226.20,   227.59
  350.35,   222.53,   352.54
  348.89,   354.81,   106.32
  348.82,   351.14,   231.26
  348.76,   347.47,   356.21
  477.07,   106.53,    99.09
  477.01,   102.86,   224.03
  476.94,    99.19,   348.98
  475.47,   231.47,   102.76
  475.41,   227.80,   227.70
  475.34,   224.12,   352.65
  473.88,   356.41,   106.43
  473.81,   352.73,   231.38
  473.75,   349.06,   356.32
  221.69,   111.91,   226.77
  222.91,   113.65,   351.75
  224.13,   115.39,   476.73
  223.33,   236.89,   225.02
  224.55,   238.63,   350.00
  225.77,   240.36,   474.98
  224.97,   361.87,   223.26
  226.19,   363.60,   348.25
  227.41,   365.34,   473.23
  346.68,   110.26,   225.57
  347.90,   112.00,   350.55
  349.12,   113.73,   475.54
  348.31,   235.24,   223.82
  349.53,   236.97,   348.80
  350.76,   238.71,   473.78
  349.95,   360.21,   222.07
  351.17,   361.95,   347.05
  352.39,   363.69,   472.03
  471.66,   108.61,   224.38
  472.88,   110.34,   349.36
  474.10,   112.08,   474.34
  473.30,   233.58,   222.62
  474.52,   235.32,   347.60
  475.74,   237.06,   472.59
  474.93,   358.56,   220.87
  476.16,   360.30,   345.85
  477.38,   362.03,   470.83
  226.56,    89.24,   351.62
  229.19,    92.75,   476.54
  231.82,    96.26,   601.46
  228.54,   214.18,   348.07
  231.17,   217.68,   472.99
  233.80,   221.19,   597.91
  230.51,   339.11,   344.52
  233.14,   342.62,   469.44
  235.77,   346.12,   594.36
  351.52,    87.19,   349.04
  354.15,    90.70,   473.97
  356.78,    94.21,   598.89
  353.49,   212.13,   345.49
  356.12,   215.64,   470.42
  358.75,   219.14,   595.34
  355.47,   337.06,   341.94
  358.10,   340.57,   466.87
  360.73,   344.08,   591.79
  476.48,    85.15,   346.47
  479.11,    88.66,   471.39
  481.74,    92.16,   596.32
  478.45,   210.08,   342.92
  481.08,   213.59,   467.84
  483.71,   217.10,   592.77
  480.42,   335.02,   339.37
  483.05,   338.52,   464.29
  485.68,   342.03,   589.22
  227.54,    96.39,   473.45
  227.77,    98.16,   598.44
  228.00,    99.92,   723.43
  231.11,   221.33,   471.68
  231.34,   223.09,   596.67
  231.57,   224.86,   721.66
  234.69,   346.26,   469.91
  234.92,   348.03,   594.90
  235.15,   349.80,   719.89
  352.48,    92.81,   473.27
  352.71,    94.58,   598.26
  352.94,    96.34,   723.25
  356.06,   217.75,   471.50
  356.29,   219.51,   596.49
  356.52,   221.28,   721.48
  359.64,   342.68,   469.73
  359.87,   344.45,   594.72
  360.10,   346.21,   719.71
  477.43,    89.23,   473.10
  477.66,    91.00,   598.08
  477.89,    92.76,   723.07
  481.01,   214.17,   471.32
  481.24,   215.93,   596.31
  481.47,   217.70,   721.30
  484.59,   339.10,   469.55
  484.82,   340.87,   594.54
  485.05,   342.63,   719.53
  222.69,   102.17,   600.17
  226.22,   102.35,   725.12
  229.75,   102.53,   850.07
  224.64,   227.15,   599.93
  228.17,   227.33,   724.88
  231.70,   227.51,   849.83
  226.59,   352.14,   599.70
  230.12,   352.31,   724.65
  233.65,   352.49,   849.60
  347.62,   100.21,   596.64
  351.16,   100.39,   721.59
  354.69,   100.57,   846.54
  349.57,   225.20,   596.41
  353.11,   225.37,   721.36
  356.64,   225.55,   846.31
  351.52,   350.18,   596.17
  355.06,   350.36,   721.12
  358.59,   350.54,   846.07
  472.56,    98.26,   593.11
  476.09,    98.43,   718.06
  479.62,    98.61,   843.01
  474.51,   223.24,   592.88
  478.04,   223.42,   717.83
  481.57,   223.60,   842.78
  476.46,   348.22,   592.64
  479.99,   348.40,   717.59
  483.52,   348.58,   842.54
  223.49,   219.78,    99.03
  220.05,   217.30,   223.96
  216.62,   214.83,   348.89
  224.64,   344.75,   101.54
  221.20,   342.27,   226.47
  217.76,   339.80,   351.40
  225.78,   469.72,   104.04
  222.35,   467.24,   228.97
  218.91,   464.77,   353.90
  348.44,   218.56,   102.45
  345.00,   216.09,   227.38
  341.56,   213.61,   352.30
  349.58,   343.53,   104.95
  346.15,   341.06,   229.88
  342.71,   338.58,   354.81
  350.73,   468.50,   107.46
  347.30,   466.03,   232.39
  343.86,   463.55,   357.31
  473.39,   217.35,   105.86
  469.95,   214.87,   230.79
  466.51,   212.40,   355.72
  474.53,   342.32,   108.37
  471.10,   339.84,   233.29
  467.66,   337.37,   358.22
  475.68,   467.28,   110.87
  472.24,   464.81,   235.80
  468.81,   462.34,   360.73
  228.33,   238.75,   228.61
  231.56,   241.45,   353.54
  234.80,   244.15,   478.47
  225.49,   363.69,   225.98
  228.72,   366.39,   350.91
  231.96,   369.09,   475.84
  222.64,   488.63,   223.36
  225.88,   491.33,   348.29
  229.12,   494.03,   473.22
  353.25,   241.52,   225.31
  356.49,   244.22,   350.24
  359.73,   246.92,   475.17
  350.41,   366.46,   222.69
  353.65,   369.16,   347.62
  356.88,   371.86,   472.54
  347.57,   491.40,   220.06
  350.81,   494.10,   344.99
  354.04,   496.80,   469.92
  478.18,   244.29,   222.01
  481.41,   246.99,   346.94
  484.65,   249.69,   471.87
  475.34,   369.23,   219.39
  478.57,   371.93,   344.32
  481.81,   374.63,   469.25
  472.50,   494.18,   216.76
  475.73,   496.87,   341.69
  478.97,   499.57,   466.62
  224.32,   218.89,   348.27
  220.51,   219.33,   473.21
  216.69,   219.78,   598.15
  225.65,   343.88,   347.87
  221.84,   344.33,   472.81
  218.02,   344.77,   597.75
  226.98,   468.87,   347.46
  223.16,   469.32,   472.41
  219.35,   469.76,   597.35
  349.26,   217.57,   352.09
  345.44,   218.02,   477.03
  341.62,   218.46,   601.97
  350.59,   342.57,   351.69
  346.77,   343.01,   476.63
  342.95,   343.45,   601.57
  351.92,   467.56,   351.29
  348.10,   468.00,   476.23
  344.28,   468.45,   601.17
  474.19,   216.26,   355.91
  470.38,   216.70,   480.86
  466.56,   217.14,   605.80
  475.52,   341.25,   355.51
  471.70,   341.69,   480.45
  467.89,   342.14,   605.39
  476.85,   466.24,   355.11
  473.03,   466.69,   480.05
  469.22,   467.13,   604.99
  224.98,   224.27,   475.73
  227.35,   226.05,   600.69
  229.72,   227.82,   725.66
  223.20,   349.25,   473.99
  225.57,   351.02,   598.95
  227.95,   352.80,   723.91
  221.42,   474.22,   472.24
  223.80,   476.00,   597.21
  226.17,   477.77,   722.17
  349.94,   226.01,   473.33
  352.31,   227.79,   598.29
  354.69,   229.56,   723.26
  348.16,   350.99,   471.59
  350.54,   352.76,   596.55
  352.91,   354.54,   721.52
  346.39,   475.96,   469.84
  348.76,   477.74,   594.81
  351.14,   479.52,   719.77
  474.90,   227.76,   470.93
  477.28,   229.53,   595.90
  479.65,   231.31,   720.86
  473.13,   352.73,   469.19
  475.50,   354.51,   594.15
  477.88,   356.28,   719.12
  471.35,   477.71,   467.45
  473.73,   479.48,   592.41
  476.10,   481.26,   717.38
  216.17,   218.98,   595.92
  213.68,   220.02,   720.89
  211.19,   221.06,   845.86
  216.81,   343.98,   594.89
  214.32,   345.02,   719.86
  211.84,   346.06,   844.83
  217.46,   468.97,   593.86
  214.97,   470.01,   718.83
  212.48,   471.05,   843.81
  341.14,   218.36,   598.41
  338.65,   219.40,   723.38
  336.16,   220.44,   848.35
  341.79,   343.35,   597.39
  339.30,   344.39,   722.36
  336.81,   345.43,   847.33
  342.43,   468.35,   596.36
  339.94,   469.39,   721.33
  337.45,   470.43,   846.30
  466.12,   217.74,   600.91
  463.63,   218.78,   725.88
  461.14,   219.82,   850.85
  466.76,   342.73,   599.88
  464.27,   343.77,   724.85
  461.78,   344.81,   849.82
  467.41,   467.73,   598.85
  464.92,   468.76,   723.82
  462.43,   469.80,   848.80
  216.43,   360.90,   100.72
  219.45,   362.85,   225.67
  222.47,   364.79,   350.62
  218.83,   485.86,    98.72
  221.85,   487.81,   223.67
  224.87,   489.75,   348.62
  221.23,   610.83,    96.72
  224.25,   612.77,   221.66
  227.27,   614.72,   346.61
  341.37,   358.46,    97.74
  344.39,   360.40,   222.69
  347.41,   362.34,   347.64
  343.77,   483.42,    95.74
  346.79,   485.36,   220.69
  349.81,   487.31,   345.64
  346.17,   608.38,    93.74
  349.19,   610.32,   218.69
  352.21,   612.27,   343.63
  466.31,   356.01,    94.76
  469.33,   357.95,   219.71
  472.35,   359.90,   344.66
  468.71,   480.97,    92.76
  471.73,   482.91,   217.71
  474.75,   484.86,   342.66
  471.11,   605.93,    90.76
  474.13,   607.87,   215.71
  477.15,   609.82,   340.66
  230.59,   359.90,   228.81
  226.79,   359.93,   353.75
  222.99,   359.97,   478.70
  226.83,   484.84,   228.66
  223.03,   484.88,   353.61
  219.23,   484.91,   478.55
  223.07,   609.79,   228.52
  219.27,   609.82,   353.46
  215.47,   609.85,   478.40
  355.47,   363.66,   232.61
  351.67,   363.69,   357.55
  347.88,   363.73,   482.49
  351.72,   488.60,   232.46
  347.92,   488.64,   357.40
  344.12,   488.67,   482.34
  347.96,   613.55,   232.31
  344.16,   613.58,   357.25
  340.36,   613.62,   482.20
  480.36,   367.42,   236.40
  476.56,   367.46,   361.35
  472.76,   367.49,   486.29
  476.60,   492.37,   236.26
  472.80,   492.40,   361.20
  469.00,   492.43,   486.14
  472.84,   617.31,   236.11
  469.04,   617.34,   361.05
  465.24,   617.38,   485.99
  225.10,   338.48,   345.48
  224.51,   340.92,   470.45
  223.91,   343.35,   595.43
  229.27,   463.39,   343.07
  228.68,   465.82,   468.04
  228.08,   468.25,   593.02
  233.44,   588.30,   340.66
  232.85,   590.73,   465.63
  232.25,   593.16,   590.61
  350.03,   334.33,   346.15
  349.44,   336.76,   471.13
  348.84,   339.19,   596.10
  354.20,   459.23,   343.74
  353.61,   461.67,   468.72
  353.01,   464.10,   593.69
  358.37,   584.14,   341.33
  357.78,   586.57,   466.31
  357.18,   589.00,   591.28
  474.96,   330.17,   346.83
  474.37,   332.60,   471.80
  473.77,   335.03,   596.78
  479.13,   455.08,   344.42
  478.54,   457.51,   469.39
  477.94,   459.94,   594.37
  483.30,   579.99,   342.01
  482.71,   582.42,   466.98
  482.11,   584.85,   591.96
  218.84,   346.19,   473.26
  216.88,   347.28,   598.24
  214.91,   348.36,   723.22
  220.01,   471.18,   472.20
  218.05,   472.27,   597.18
  216.08,   473.35,   722.16
  221.18,   596.17,   471.13
  219.22,   597.26,   596.11
  217.25,   598.34,   721.09
  343.82,   345.04,   475.24
  341.86,   346.13,   600.22
  339.89,   347.21,   725.20
  344.99,   470.03,   474.17
  343.03,   471.12,   599.15
  341.06,   472.20,   724.13
  346.16,   595.02,   473.11
  344.20,   596.11,   598.09
  342.23,   597.19,   723.07
  468.80,   343.89,   477.21
  466.83,   344.97,   602.19
  464.87,   346.06,   727.17
  469.97,   468.88,   476.15
  468.00,   469.96,   601.13
  466.04,   471.05,   726.11
  471.14,   593.87,   475.08
  469.18,   594.95,   600.06
  467.21,   596.04,   725.04
  223.15,   346.76,   599.50
  224.47,   346.61,   724.49
  225.79,   346.46,   849.49
  224.67,   471.75,   599.63
  226.00,   471.60,   724.63
  227.32,   471.45,   849.62
  226.20,   596.74,   599.77
  227.52,   596.59,   724.76
  228.84,   596.44,   849.75
  348.13,   345.23,   598.18
  349.46,   345.08,   723.17
  350.78,   344.94,   848.16
  349.66,   470.22,   598.31
  350.98,   470.08,   723.30
  352.30,   469.93,   848.30
  351.18,   595.21,   598.44
  352.51,   595.07,   723.43
  353.83,   594.92,   848.43
  473.12,   343.71,   596.85
  474.44,   343.56,   721.85
  475.76,   343.41,   846.84
  474.64,   468.70,   596.99
  475.96,   468.55,   721.98
  477.29,   468.40,   846.97
  476.17,   593.69,   597.12
  477.49,   593.54,   722.11
  478.81,   593.39,   847.10
  237.93,   466.58,   100.31
  239.50,   470.92,   225.22
  241.07,   475.26,   350.14
  234.62,   591.46,    96.01
  236.19,   595.80,   220.93
  237.77,   600.14,   345.84
  231.32,   716.34,    91.72
  232.89,   720.68,   216.63
  234.46,   725.02,   341.55
  362.87,   469.83,    98.62
  364.45,   474.17,   223.54
  366.02,   478.50,   348.45
  359.57,   594.71,    94.33
  361.14,   599.05,   219.24
  362.71,   603.39,   344.16
  356.26,   719.59,    90.03
  357.84,   723.93,   214.95
  359.41,   728.27,   339.86
  487.82,   473.08,    96.94
  489.39,   477.41,   221.85
  490.97,   481.75,   346.77
  484.52,   597.96,    92.64
  486.09,   602.30,   217.56
  487.66,   606.64,   342.47
  481.21,   722.84,    88.35
  482.78,   727.18,   213.26
  484.35,   731.52,   338.18
  237.45,   485.02,   230.55
  237.66,   484.29,   355.55
  237.88,   483.56,   480.54
  236.08,   610.01,   231.28
  236.30,   609.28,   356.28
  236.51,   608.55,   481.28
  234.71,   735.00,   232.01
  234.93,   734.27,   357.01
  235.15,   733.54,   482.01
  362.44,   486.38,   230.34
  362.66,   485.65,   355.34
  362.87,   484.92,   480.33
  361.07,   611.37,   231.07
  361.29,   610.64,   356.07
  361.51,   609.91,   481.07
  359.71,   736.36,   231.80
  359.92,   735.63,   356.80
  360.14,   734.90,   481.80
  487.43,   487.75,   230.13
  487.65,   487.02,   355.13
  487.87,   486.29,   480.13
  486.07,   612.74,   230.86
  486.28,   612.01,   355.86
  486.50,   611.28,   480.86
  484.70,   737.73,   231.59
  484.92,   737.00,   356.59
  485.13,   736.27,   481.59
  233.41,   468.41,   348.87
  229.45,   471.58,   473.77
  225.49,   474.75,   598.67
  231.73,   593.36,   345.65
  227.77,   596.53,   470.55
  223.81,   599.69,   595.45
  230.05,   718.31,   342.43
  226.09,   721.47,   467.33
  222.13,   724.64,   592.23
  358.34,   470.20,   352.79
  354.38,   473.37,   477.69
  350.42,   476.53,   602.58
  356.66,   595.15,   349.57
  352.70,   598.31,   474.47
  348.74,   601.48,   599.36
  354.97,   720.09,   346.35
  351.01,   723.26,   471.24
  347.05,   726.43,   596.14
  483.27,   471.98,   356.71
  479.31,   475.15,   481.60
  475.35,   478.32,   606.50
  481.58,   596.93,   353.48
  477.62,   600.10,   478.38
  473.66,   603.26,   603.28
  479.90,   721.88,   350.26
  475.94,   725.04,   475.16
  471.98,   728.21,   600.06
  227.88,   483.86,   479.34
  227.31,   486.24,   604.32
  226.74,   488.62,   729.29
  225.08,   608.80,   476.95
  224.51,   611.19,   601.92
  223.94,   613.57,   726.90
  222.29,   733.75,   474.55
  221.72,   736.13,   599.53
  221.15,   738.52,   724.50
  352.84,   486.66,   479.86
  352.27,   489.04,   604.83
  351.70,   491.43,   729.81
  350.05,   611.60,   477.46
  349.48,   613.99,   602.44
  348.91,   616.37,   727.41
  347.26,   736.55,   475.07
  346.69,   738.93,   600.04
  346.12,   741.32,   725.02
  477.81,   489.46,   480.38
  477.24,   491.84,   605.35
  476.67,   494.23,   730.33
  475.02,   614.41,   477.98
  474.45,   616.79,   602.96
  473.88,   619.17,   727.93
  472.23,   739.35,   475.58
  471.66,   741.74,   600.56
  471.09,   744.12,   725.54
  221.67,   468.39,   594.65
  222.70,   470.71,   719.62
  223.73,   473.02,   844.60
  222.83,   593.36,   592.32
  223.86,   595.68,   717.30
  224.89,   598.00,   842.27
  223.99,   718.34,   590.00
  225.02,   720.65,   714.97
  226.05,   722.97,   839.95
  346.66,   467.21,   593.64
  347.69,   469.53,   718.61
  348.72,   471.84,   843.59
  347.82,   592.18,   591.31
  348.85,   594.50,   716.29
  349.88,   596.82,   841.26
  348.98,   717.16,   588.99
  350.01,   719.47,   713.96
  351.04,   721.79,   838.94
  471.65,   466.03,   592.63
  472.68,   468.35,   717.60
  473.71,   470.66,   842.58
  472.81,   591.00,   590.30
  473.84,   593.32,   715.28
  474.87,   595.64,   840.25
  473.97,   715.98,   587.98
  475.00,   718.29,   712.95
  476.03,   720.61,   837.93
  221.97,   615.16,   104.58
  223.98,   611.59,   229.51
  225.99,   608.03,   354.44
  221.31,   740.11,   108.16
  223.32,   736.54,   233.09
  225.34,   732.98,   358.02
  220.65,   865.05,   111.73
  222.67,   861.49,   236.66
  224.68,   857.92,   361.60
  346.95,   615.87,   102.58
  348.96,   612.31,   227.52
  350.98,   608.74,   352.45
  346.29,   740.82,   106.16
  348.31,   737.25,   231.09
  350.32,   733.69,   356.03
  345.64,   865.77,   109.74
  347.65,   862.20,   234.67
  349.66,   858.64,   359.60
  471.93,   616.58,   100.59
  473.94,   613.02,   225.52
  475.96,   609.45,   350.46
  471.27,   741.53,   104.17
  473.29,   737.97,   229.10
  475.30,   734.40,   354.03
  470.62,   866.48,   107.74
  472.63,   862.91,   232.68
  474.65,   859.35,   357.61
  221.12,   589.32,   217.24
  219.18,   590.72,   342.22
  217.23,   592.12,   467.20
  225.50,   714.23,   215.91
  223.56,   715.63,   340.89
  221.61,   717.03,   465.86
  229.88,   839.15,   214.58
  227.94,   840.55,   339.56
  225.99,   841.95,   464.53
  346.03,   584.96,   219.23
  344.09,   586.36,   344.21
  342.14,   587.76,   469.19
  350.41,   709.87,   217.90
  348.47,   711.27,   342.88
  346.52,   712.67,   467.86
  354.79,   834.79,   216.57
  352.85,   836.19,   341.55
  350.90,   837.59,   466.52
  470.94,   580.60,   221.22
  469.00,   582.00,   346.20
  467.05,   583.40,   471.18
  475.32,   705.52,   219.89
  473.38,   706.92,   344.87
  471.43,   708.32,   469.85
  479.70,   830.43,   218.56
  477.76,   831.83,   343.54
  475.81,   833.23,   468.52
  223.24,   599.58,   350.85
  220.38,   599.09,   475.81
  217.53,   598.60,   600.78
  224.53,   724.57,   351.37
  221.67,   724.08,   476.34
  218.81,   723.59,   601.30
  225.82,   849.56,   351.89
  222.96,   849.07,   476.86
  220.10,   848.58,   601.82
  348.20,   598.28,   353.70
  345.35,   597.79,   478.67
  342.49,   597.29,   603.63
  349.49,   723.27,   354.22
  346.63,   722.78,   479.19
  343.78,   722.29,   604.16
  350.78,   848.26,   354.74
  347.92,   847.77,   479.71
  345.07,   847.28,   604.68
  473.16,   596.98,   356.56
  470.31,   596.48,   481.52
  467.45,   595.99,   606.49
  474.45,   721.97,   357.08
  471.60,   721.48,   482.04
  468.74,   720.99,   607.01
  475.74,   846.96,   357.60
  472.88,   846.47,   482.56
  470.03,   845.98,   607.53
  223.13,   589.95,   466.53
  225.39,   591.50,   591.50
  227.65,   593.05,   716.47
  224.86,   714.92,   464.95
  227.12,   716.48,   589.92
  229.39,   718.03,   714.89
  226.60,   839.90,   463.36
  228.86,   841.46,   588.33
  231.12,   843.01,   713.30
  348.10,   588.19,   464.29
  350.36,   589.74,   589.26
  352.62,   591.29,   714.23
  349.83,   713.16,   462.71
  352.09,   714.72,   587.68
  354.35,   716.27,   712.65
  351.56,   838.14,   461.12
  353.82,   839.70,   586.09
  356.08,   841.25,   711.06
  473.07,   586.43,   462.05
  475.33,   587.98,   587.02
  477.59,   589.53,   711.99
  474.80,   711.40,   460.47
  477.06,   712.96,   585.44
  479.32,   714.51,   710.41
  476.53,   836.38,   458.88
  478.79,   837.94,   583.85
  481.05,   839.49,   708.82
  227.96,   590.96,   595.56
  225.04,   589.60,   720.52
  222.13,   588.23,   845.48
  231.60,   715.90,   597.01
  228.68,   714.54,   721.97
  225.76,   713.17,   846.93
  235.24,   840.84,   598.46
  232.32,   839.47,   723.42
  229.40,   838.11,   848.38
  352.88,   587.29,   598.44
  349.96,   585.93,   723.40
  347.04,   584.56,   848.36
  356.52,   712.23,   599.89
  353.60,   710.86,   724.85
  350.68,   709.50,   849.81
  360.15,   837.17,   601.34
  357.23,   835.80,   726.30
  354.31,   834.44,   851.26
  477.79,   583.62,   601.32
  474.87,   582.26,   726.28
  471.95,   580.89,   851.24
  481.43,   708.56,   602.77
  478.51,   707.19,   727.73
  475.59,   705.83,   852.69
  485.07,   833.50,   604.22
  482.15,   832.13,   729.18
  479.23,   830.77,   854.13
  336.79,   111.94,    97.55
  336.15,   114.80,   222.51
  335.51,   117.66,   347.48
  332.99,   236.85,    94.67
  332.35,   239.71,   219.64
  331.71,   242.57,   344.60
  329.18,   361.76,    91.79
  328.54,   364.62,   216.76
  327.91,   367.48,   341.73
  461.73,   115.76,    98.10
  461.09,   118.62,   223.07
  460.45,   121.48,   348.03
  457.93,   240.67,    95.22
  457.29,   243.53,   220.19
  456.65,   246.39,   345.15
  454.12,   365.58,    92.35
  453.49,   368.44,   217.31
  452.85,   371.30,   342.28
  586.67,   119.58,    98.65
  586.03,   122.44,   223.62
  585.39,   125.29,   348.58
  582.87,   244.49,    95.77
  582.23,   247.34,   220.74
  581.59,   250.20,   345.71
  579.06,   369.39,    92.90
  578.43,   372.25,   217.86
  577.79,   375.11,   342.83
  363.20,   102.58,   228.06
  361.24,   102.12,   353.05
  359.29,   101.66,   478.03
  366.89,   227.53,   228.58
  364.93,   227.06,   353.57
  362.97,   226.60,   478.55
  370.57,   352.47,   229.10
  368.62,   352.01,   354.09
  366.66,   351.54,   479.07
  488.13,    98.89,   230.01
  486.17,    98.43,   354.99
  484.22,    97.96,   479.97
  491.82,   223.83,   230.53
  489.86,   223.37,   355.51
  487.90,   222.91,   480.49
  495.50,   348.78,   231.05
  493.55,   348.31,   356.03
  491.59,   347.85,   481.01
  613.06,    95.19,   231.95
  611.11,    94.73,   356.93
  609.15,    94.27,   481.92
  616.75,   220.14,   232.47
  614.79,   219.68,   357.45
  612.83,   219.21,   482.44
  620.43,   345.08,   232.99
  618.48,   344.62,   357.97
  616.52,   344.16,   482.96
  350.52,   112.28,   351.07
  348.17,   112.41,   476.04
  345.81,   112.54,   601.02
  352.20,   237.27,   350.97
  349.85,   237.40,   475.95
  347.49,   237.53,   600.92
  353.88,   362.26,   350.87
  351.53,   362.39,   475.85
  349.17,   362.52,   600.83
  475.49,   110.60,   353.42
  473.13,   110.73,   478.40
  470.78,   110.86,   603.38
  477.17,   235.59,   353.33
  474.81,   235.72,   478.30
  472.46,   235.85,   603.28
  478.85,   360.58,   353.23
  476.49,   360.71,   478.21
  474.14,   360.84,   603.18
  600.45,   108.92,   355.78
  598.10,   109.05,   480.76
  595.74,   109.18,   605.74
  602.14,   233.91,   355.68
  599.78,   234.04,   480.66
  597.42,   234.17,   605.64
  603.82,   358.90,   355.59
  601.46,   359.03,   480.56
  599.10,   359.16,   605.54
  342.91,    93.16,   471.36
  345.30,    95.20,   596.32
  347.69,    97.24,   721.28
  340.26,   218.11,   469.37
  342.65,   220.16,   594.33
  345.04,   222.20,   719.29
  337.61,   343.07,   467.37
  340.00,   345.11,   592.34
  342.39,   347.15,   717.30
  467.86,    95.77,   468.93
  470.25,    97.81,   593.89
  472.63,    99.85,   718.85
  465.21,   220.72,   466.94
  467.60,   222.77,   591.90
  469.99,   224.81,   716.86
  462.56,   345.68,   464.95
  464.95,   347.72,   589.91
  467.34,   349.76,   714.87
  592.81,    98.38,   466.50
  595.20,   100.42,   591.46
  597.58,   102.46,   716.42
  590.16,   223.33,   464.51
  592.55,   225.38,   589.47
  594.94,   227.42,   714.43
  587.51,   348.29,   462.52
  589.90,   350.33,   587.48
  592.29,   352.37,   712.44
  344.02,    99.44,   598.30
  347.69,   102.50,   723.21
  351.37,   105.57,   848.12
  345.73,   224.39,   595.18
  349.41,   227.45,   720.09
  353.08,   230.52,   845.00
  347.44,   349.34,   592.07
  351.12,   352.40,   716.98
  354.80,   355.47,   841.89
  468.95,    97.64,   594.67
  472.63,   100.70,   719.57
  476.30,   103.76,   844.48
  470.66,   222.59,   591.55
  474.34,   225.65,   716.46
  478.02,   228.71,   841.37
  472.38,   347.53,   588.44
  476.05,   350.60,   713.34
  479.73,   353.66,   838.25
  593.88,    95.83,   591.03
  597.56,    98.90,   715.94
  601.24,   101.96,   840.85
  595.60,   220.78,   587.92
  599.27,   223.85,   712.83
  602.95,   226.91,   837.73
  597.31,   345.73,   584.80
  600.99,   348.80,   709.71
  604.66,   351.86,   834.62
  337.38,   237.82,    98.66
  340.82,   238.22,   223.61
  344.27,   238.61,   348.57
  336.74,   362.82,    98.29
  340.18,   363.21,   223.24
  343.62,   363.61,   348.19
  336.09,   487.82,    97.91
  339.53,   488.21,   222.86
  342.98,   488.60,   347.82
  462.33,   238.46,    95.22
  465.77,   238.85,   220.17
  469.22,   239.24,   345.12
  461.69,   363.45,    94.84
  465.13,   363.85,   219.80
  468.57,   364.24,   344.75
  461.04,   488.45,    94.47
  464.48,   488.85,   219.42
  467.93,   489.24,   344.37
  587.28,   239.09,    91.78
  590.73,   239.48,   216.73
  594.17,   239.88,   341.68
  586.64,   364.09,    91.40
  590.08,   364.48,   216.35
  593.52,   364.87,   341.30
  585.99,   489.09,    91.02
  589.44,   489.48,   215.98
  592.88,   489.87,   340.93
  341.25,   233.22,   225.35
  344.58,   234.04,   350.30
  347.92,   234.86,   475.26
  338.03,   358.17,   224.62
  341.36,   358.99,   349.57
  344.70,   359.81,   474.52
  334.81,   483.13,   223.88
  338.14,   483.95,   348.84
  341.48,   484.77,   473.79
  466.16,   236.42,   222.00
  469.50,   237.24,   346.95
  472.83,   238.06,   471.90
  462.94,   361.37,   221.26
  466.28,   362.19,   346.22
  469.61,   363.01,   471.17
  459.73,   486.33,   220.53
  463.06,   487.15,   345.48
  466.39,   487.97,   470.44
  591.08,   239.61,   218.64
  594.41,   240.43,   343.60
  597.74,   241.25,   468.55
  587.86,   364.57,   217.91
  591.19,   365.39,   342.86
  594.52,   366.21,   467.82
  584.64,   489.53,   217.18
  587.97,   490.35,   342.13
  591.31,   491.17,   467.08
  353.88,   221.56,   350.10
  354.03,   219.20,   475.08
  354.19,   216.84,   600.06
  351.94,   346.52,   352.46
  352.10,   344.16,   477.44
  352.25,   341.80,   602.42
  350.00,   471.48,   354.82
  350.16,   469.12,   479.80
  350.31,   466.76,   604.78
  478.86,   223.50,   349.98
  479.02,   221.14,   474.96
  479.17,   218.78,   599.94
  476.92,   348.46,   352.34
  477.08,   346.10,   477.32
  477.24,   343.74,   602.30
  474.99,   473.42,   354.70
  475.14,   471.07,   479.68
  475.30,   468.71,   604.66
  603.85,   225.44,   349.86
  604.00,   223.08,   474.84
  604.16,   220.72,   599.82
  601.91,   350.40,   352.23
  602.06,   348.04,   477.20
  602.22,   345.69,   602.18
  599.97,   475.37,   354.59
  600.13,   473.01,   479.56
  600.28,   470.65,   604.54
  352.73,   231.99,   477.18
  353.38,   233.37,   602.17
  354.03,   234.74,   727.16
  349.64,   356.95,   475.82
  350.29,   358.32,   600.81
  350.94,   359.70,   725.80
  346.56,   481.90,   474.46
  347.21,   483.28,   599.45
  347.86,   484.65,   724.44
  477.69,   235.07,   476.49
  478.34,   236.45,   601.48
  478.99,   237.82,   726.48
  474.60,   360.03,   475.14
  475.25,   361.40,   600.13
  475.90,   362.78,   725.12
  471.52,   484.98,   473.78
  472.17,   486.36,   598.77
  472.82,   487.73,   723.76
  602.65,   238.15,   475.81
  603.30,   239.53,   600.80
  603.95,   240.90,   725.79
  599.56,   363.11,   474.45
  600.21,   364.48,   599.44
  600.86,   365.85,   724.43
  596.48,   488.06,   473.10
  597.13,   489.43,   598.09
  597.78,   490.81,   723.08
  356.80,   221.07,   601.73
  355.58,   219.58,   726.72
  354.36,   218.10,   851.70
  353.06,   346.00,   603.18
  351.84,   344.52,   728.17
  350.62,   343.03,   853.15
  349.31,   470.94,   604.63
  348.10,   469.45,   729.61
  346.88,   467.97,   854.60
  481.73,   224.80,   602.99
  480.52,   223.31,   727.98
  479.30,   221.82,   852.96
  477.99,   349.73,   604.44
  476.78,   348.24,   729.43
  475.56,   346.76,   854.41
  474.25,   474.67,   605.89
  473.03,   473.18,   730.88
  471.82,   471.69,   855.86
  606.67,   228.52,   604.25
  605.46,   227.04,   729.24
  604.24,   225.55,   854.22
  602.93,   353.46,   605.70
  601.71,   351.97,   730.69
  600.50,   350.49,   855.67
  599.19,   478.39,   607.15
  597.97,   476.91,   732.14
  596.75,   475.42,   857.12
  361.84,   355.82,   103.77
  363.49,   352.96,   228.72
  365.14,   350.09,   353.68
  365.39,   480.74,   106.59
  367.04,   477.88,   231.54
  368.69,   475.01,   356.50
  368.94,   605.66,   109.40
  370.59,   602.79,   234.36
  372.24,   599.93,   359.32
  486.78,   352.31,   102.04
  488.43,   349.45,   226.99
  490.08,   346.58,   351.95
  490.33,   477.23,   104.86
  491.98,   474.37,   229.81
  493.63,   471.50,   354.77
  493.88,   602.15,   107.67
  495.53,   599.28,   232.63
  497.18,   596.42,   357.58
  611.72,   348.80,   100.31
  613.37,   345.94,   225.26
  615.02,   343.07,   350.22
  615.27,   473.72,   103.12
  616.92,   470.86,   228.08
  618.57,   467.99,   353.04
  618.81,   598.64,   105.94
  620.46,   595.77,   230.90
  622.11,   592.91,   355.85
  342.80,   361.06,   227.00
  341.51,   362.87,   351.98
  340.22,   364.67,   476.96
  342.95,   486.04,   225.19
  341.66,   487.85,   350.17
  340.38,   489.66,   475.16
  343.10,   611.03,   223.39
  341.82,   612.84,   348.37
  340.53,   614.65,   473.35
  467.79,   360.92,   228.29
  466.51,   362.73,   353.27
  465.22,   364.54,   478.25
  467.95,   485.91,   226.48
  466.66,   487.72,   351.46
  465.37,   489.53,   476.44
  468.10,   610.90,   224.68
  466.81,   612.71,   349.66
  465.52,   614.51,   474.64
  592.79,   360.79,   229.58
  591.50,   362.60,   354.56
  590.21,   364.41,   479.54
  592.94,   485.78,   227.77
  591.65,   487.59,   352.75
  590.36,   489.39,   477.73
  593.09,   610.76,   225.97
  591.80,   612.57,   350.95
  590.51,   614.38,   475.93
  343.19,   349.59,   348.75
  341.22,   348.95,   473.73
  339.26,   348.31,   598.72
  345.83,   474.56,   349.44
  343.87,   473.92,   474.42
  341.90,   473.28,   599.40
  348.47,   599.54,   350.12
  346.51,   598.89,   475.11
  344.54,   598.25,   600.09
  468.14,   346.94,   350.70
  466.18,   346.30,   475.68
  464.22,   345.66,   600.67
  470.78,   471.91,   351.39
  468.82,   471.27,   476.37
  466.86,   470.63,   601.35
  473.43,   596.88,   352.07
  471.46,   596.24,   477.05
  469.50,   595.60,   602.04
  593.10,   344.29,   352.65
  591.14,   343.65,   477.63
  589.17,   343.00,   602.61
  595.74,   469.26,   353.33
  593.78,   468.62,   478.32
  591.82,   467.97,   603.30
  598.38,   594.23,   354.02
  596.42,   593.59,   479.00
  594.46,   592.94,   603.99
  346.96,   342.50,   472.95
  349.65,   346.34,   597.86
  352.34,   350.17,   722.77
  345.89,   467.44,   469.13
  348.58,   471.28,   594.05
  351.27,   475.11,   718.96
  344.82,   592.38,   465.32
  347.51,   596.21,   590.23
  350.20,   600.05,   715.15
  471.93,   343.49,   470.23
  474.62,   347.33,   595.14
  477.31,   351.16,   720.05
  470.86,   468.43,   466.41
  473.55,   472.26,   591.33
  476.24,   476.10,   716.24
  469.79,   593.37,   462.60
  472.48,   597.20,   587.51
  475.17,   601.04,   712.43
  596.90,   344.48,   467.51
  599.59,   348.31,   592.42
  602.28,   352.15,   717.33
  595.83,   469.42,   463.69
  598.52,   473.25,   588.61
  601.21,   477.09,   713.52
  594.76,   594.35,   459.88
  597.45,   598.19,   584.79
  600.13,   602.02,   709.70
  354.88,   348.07,   600.44
  354.10,   351.15,   725.40
  353.32,   354.22,   850.36
  357.90,   473.00,   597.39
  357.12,   476.07,   722.35
  356.34,   479.15,   847.31
  360.92,   597.92,   594.33
  360.14,   601.00,   719.29
  359.36,   604.07,   844.25
  479.85,   345.08,   601.30
  479.07,   348.15,   726.25
  478.29,   351.22,   851.21
  482.86,   470.00,   598.24
  482.08,   473.08,   723.20
  481.30,   476.15,   848.16
  485.88,   594.93,   595.19
  485.10,   598.00,   720.15
  484.32,   601.08,   845.11
  604.81,   342.08,   602.15
  604.03,   345.15,   727.11
  603.25,   348.23,   852.07
  607.82,   467.01,   599.09
  607.04,   470.08,   724.05
  606.26,   473.16,   849.01
  610.84,   591.93,   596.04
  610.06,   595.01,   721.00
  609.28,   598.08,   845.96
  346.39,   479.89,    99.76
  349.64,   479.82,   224.71
  352.89,   479.74,   349.67
  348.16,   604.87,    99.78
  351.41,   604.80,   224.74
  354.66,   604.73,   349.70
  349.93,   729.86,    99.81
  353.18,   729.79,   224.76
  356.43,   729.72,   349.72
  471.33,   478.12,    96.50
  474.58,   478.05,   221.46
  477.84,   477.98,   346.42
  473.10,   603.11,    96.53
  476.35,   603.03,   221.49
  479.60,   602.96,   346.44
  474.87,   728.09,    96.55
  478.12,   728.02,   221.51
  481.37,   727.95,   346.47
  596.28,   476.35,    93.25
  599.53,   476.28,   218.21
  602.78,   476.21,   343.17
  598.05,   601.34,    93.28
  601.30,   601.27,   218.23
  604.55,   601.20,   343.19
  599.82,   726.32,    93.30
  603.07,   726.25,   218.26
  606.32,   726.18,   343.22
  346.18,   481.93,   227.26
  346.92,   485.01,   352.22
  347.65,   488.10,   477.18
  348.44,   606.87,   224.17
  349.18,   609.95,   349.13
  349.91,   613.04,   474.09
  350.71,   731.81,   221.07
  351.44,   734.90,   346.03
  352.17,   737.98,   470.99
  471.16,   479.65,   226.58
  471.89,   482.73,   351.54
  472.63,   485.82,   476.50
  473.42,   604.59,   223.49
  474.15,   607.68,   348.45
  474.89,   610.76,   473.41
  475.68,   729.53,   220.39
  476.42,   732.62,   345.35
  477.15,   735.70,   470.31
  596.14,   477.37,   225.91
  596.87,   480.46,   350.87
  597.60,   483.54,   475.83
  598.40,   602.31,   222.81
  599.13,   605.40,   347.77
  599.86,   608.48,   472.73
  600.66,   727.26,   219.72
  601.39,   730.34,   344.68
  602.13,   733.42,   469.64
  346.87,   465.54,   345.06
  344.80,   466.04,   470.04
  342.73,   466.54,   595.02
  348.69,   590.52,   344.59
  346.61,   591.03,   469.57
  344.54,   591.53,   594.55
  350.50,   715.51,   344.11
  348.43,   716.01,   469.10
  346.35,   716.51,   594.08
  471.84,   463.73,   347.14
  469.77,   464.24,   472.12
  467.70,   464.74,   597.10
  473.66,   588.72,   346.67
  471.58,   589.22,   471.65
  469.51,   589.72,   596.63
  475.47,   713.71,   346.19
  473.40,   714.21,   471.18
  471.32,   714.71,   596.16
  596.81,   461.93,   349.22
  594.74,   462.43,   474.20
  592.67,   462.93,   599.18
  598.63,   586.91,   348.75
  596.55,   587.42,   473.73
  594.48,   587.92,   598.71
  600.44,   711.90,   348.27
  598.37,   712.40,   473.26
  596.29,   712.90,   598.24
  356.51,   466.48,   473.33
  359.70,   468.50,   598.27
  362.89,   470.53,   723.22
  356.96,   591.46,   471.30
  360.15,   593.48,   596.24
  363.34,   595.51,   721.18
  357.40,   716.44,   469.26
  360.59,   718.47,   594.20
  363.79,   720.49,   719.15
  481.47,   465.98,   470.15
  484.66,   468.00,   595.09
  487.85,   470.03,   720.03
  481.91,   590.96,   468.11
  485.11,   592.98,   593.05
  488.30,   595.01,   718.00
  482.36,   715.94,   466.08
  485.55,   717.97,   591.02
  488.75,   719.99,   715.96
  606.42,   465.48,   466.96
  609.62,   467.50,   591.91
  612.81,   469.53,   716.85
  606.87,   590.46,   464.93
  610.06,   592.48,   589.87
  613.26,   594.51,   714.81
  607.32,   715.44,   462.89
  610.51,   717.47,   587.83
  613.70,   719.49,   712.78
  343.34,   472.61,   595.80
  345.86,   475.43,   720.74
  348.38,   478.24,   845.69
  344.13,   597.58,   592.97
  346.66,   600.39,   717.92
  349.18,   603.20,   842.86
  344.93,   722.54,   590.15
  347.45,   725.36,   715.09
  349.97,   728.17,   840.03
  468.31,   471.76,   593.30
  470.83,   474.57,   718.24
  473.36,   477.38,   843.18
  469.10,   596.73,   590.47
  471.63,   599.54,   715.41
  474.15,   602.35,   840.35
  469.90,   721.69,   587.64
  472.42,   724.50,   712.58
  474.95,   727.32,   837.53
  593.28,   470.91,   590.79
  595.80,   473.72,   715.73
  598.33,   476.53,   840.68
  594.07,   595.87,   587.96
  596.60,   598.69,   712.90
  599.12,   601.50,   837.85
  594.87,   720.84,   585.13
  597.39,   723.65,   710.08
  599.92,   726.46,   835.02
  345.17,   588.72,    93.40
  343.61,   590.04,   218.39
  342.06,   591.36,   343.37
  343.70,   713.71,    92.07
  342.15,   715.02,   217.05
  340.60,   716.34,   342.04
  342.23,   838.69,    90.74
  340.68,   840.01,   215.72
  339.13,   841.32,   340.70
  470.15,   590.21,    94.94
  468.60,   591.52,   219.92
  467.04,   592.84,   344.91
  468.68,   715.19,    93.61
  467.13,   716.51,   218.59
  465.58,   717.82,   343.57
  467.21,   840.18,    92.27
  465.66,   841.49,   217.25
  464.11,   842.81,   342.24
  595.13,   591.69,    96.47
  593.58,   593.01,   221.46
  592.03,   594.32,   346.44
  593.66,   716.67,    95.14
  592.11,   717.99,   220.12
  590.56,   719.31,   345.11
  592.20,   841.66,    93.81
  590.64,   842.97,   218.79
  589.09,   844.29,   343.77
  346.57,   603.10,   224.47
  345.73,   605.56,   349.44
  344.88,   608.03,   474.42
  345.88,   728.07,   222.00
  345.04,   730.54,   346.98
  344.19,   733.00,   471.95
  345.19,   853.05,   219.54
  344.35,   855.51,   344.51
  343.50,   857.98,   469.48
  471.57,   603.81,   225.30
  470.72,   606.27,   350.28
  469.88,   608.73,   475.25
  470.88,   728.78,   222.83
  470.03,   731.24,   347.81
  469.19,   733.71,   472.78
  470.19,   853.75,   220.37
  469.34,   856.22,   345.34
  468.50,   858.68,   470.31
  596.56,   604.51,   226.13
  595.72,   606.98,   351.11
  594.87,   609.44,   476.08
  595.87,   729.49,   223.66
  595.03,   731.95,   348.64
  594.18,   734.41,   473.61
  595.18,   854.46,   221.20
  594.34,   856.92,   346.17
  593.49,   859.39,   471.14
  337.48,   599.11,   348.15
  338.55,   599.62,   473.15
  339.63,   600.12,   598.14
  339.88,   724.09,   347.63
  340.96,   724.59,   472.62
  342.03,   725.09,   597.62
  342.29,   849.07,   347.11
  343.36,   849.57,   472.10
  344.43,   850.07,   597.10
  462.45,   596.71,   347.09
  463.53,   597.21,   472.08
  464.60,   597.71,   597.08
  464.86,   721.68,   346.57
  465.93,   722.19,   471.56
  467.00,   722.69,   596.56
  467.26,   846.66,   346.05
  468.33,   847.16,   471.04
  469.40,   847.66,   596.03
  587.43,   594.30,   346.03
  588.50,   594.80,   471.02
  589.57,   595.30,   596.02
  589.83,   719.28,   345.51
  590.90,   719.78,   470.50
  591.97,   720.28,   595.49
  592.23,   844.25,   344.98
  593.30,   844.75,   469.98
  594.38,   845.26,   594.97
  346.70,   601.07,   472.82
  346.21,   600.90,   597.82
  345.73,   600.72,   722.82
  341.91,   725.98,   472.98
  341.43,   725.80,   597.98
  340.95,   725.63,   722.98
  337.13,   850.89,   473.14
  336.65,   850.71,   598.13
  336.16,   850.54,   723.13
  471.60,   605.85,   473.31
  471.12,   605.68,   598.31
  470.63,   605.50,   723.31
  466.82,   730.76,   473.47
  466.34,   730.59,   598.47
  465.85,   730.41,   723.47
  462.04,   855.67,   473.63
  461.56,   855.49,   598.63
  461.07,   855.32,   723.62
  596.51,   610.63,   473.80
  596.03,   610.46,   598.80
  595.54,   610.28,   723.80
  591.73,   735.54,   473.96
  591.24,   735.37,   598.96
  590.76,   735.19,   723.96
  586.95,   860.45,   474.12
  586.46,   860.27,   599.12
  585.98,   860.10,   724.11
  349.32,   611.48,   608.93
  345.07,   609.45,   733.84
  340.81,   607.43,   858.75
  351.11,   736.45,   611.02
  346.85,   734.42,   735.93
  342.60,   732.39,   860.84
  352.89,   861.42,   613.11
  348.64,   859.39,   738.02
  344.38,   857.36,   862.93
  474.24,   609.62,   613.16
  469.98,   607.60,   738.07
  465.72,   605.57,   862.98
  476.02,   734.59,   615.25
  471.77,   732.57,   740.16
  467.51,   730.54,   865.07
  477.81,   859.56,   617.34
  473.55,   857.54,   742.25
  469.30,   855.51,   867.16
  599.15,   607.77,   617.39
  594.90,   605.74,   742.30
  590.64,   603.71,   867.21
  600.94,   732.74,   619.48
  596.68,   730.71,   744.39
  592.42,   728.68,   869.30
  602.72,   857.71,   621.56
  598.47,   855.68,   746.48
  594.21,   853.65,   871.39
  467.28,   100.24,    96.43
  466.03,    99.08,   221.42
  464.77,    97.92,   346.41
  463.64,   225.18,    97.56
  462.39,   224.02,   222.55
  461.13,   222.86,   347.53
  460.01,   350.12,    98.68
  458.75,   348.96,   223.67
  457.49,   347.80,   348.66
  592.23,   103.87,    97.72
  590.97,   102.71,   222.71
  589.71,   101.55,   347.70
  588.59,   228.81,    98.85
  587.33,   227.65,   223.83
  586.07,   226.49,   348.82
  584.95,   353.75,    99.97
  583.69,   352.59,   224.96
  582.44,   351.43,   349.95
  717.17,   107.50,    99.01
  715.91,   106.34,   224.00
  714.66,   105.17,   348.99
  713.53,   232.44,   100.13
  712.27,   231.28,   225.12
  711.02,   230.12,   350.11
  709.89,   357.38,   101.26
  708.63,   356.22,   226.25
  707.38,   355.06,   351.24
  471.58,    87.90,   222.70
  471.59,    86.75,   347.70
  471.60,    85.60,   472.69
  474.43,   212.86,   223.85
  474.44,   211.71,   348.85
  474.45,   210.56,   473.84
  477.27,   337.82,   225.00
  477.28,   336.67,   350.00
  477.29,   335.52,   474.99
  596.55,    85.05,   222.67
  596.56,    83.90,   347.66
  596.57,    82.75,   472.66
  599.39,   210.02,   223.82
  599.40,   208.87,   348.81
  599.41,   207.71,   473.81
  602.24,   334.98,   224.97
  602.25,   333.83,   349.96
  602.26,   332.68,   474.96
  721.52,    82.21,   222.63
  721.53,    81.06,   347.63
  721.54,    79.91,   472.62
  724.36,   207.17,   223.78
  724.37,   206.02,   348.78
  724.38,   204.87,   473.77
  727.21,   332.13,   224.93
  727.22,   330.98,   349.93
  727.23,   329.83,   474.92
  472.52,    92.38,   347.12
  472.46,    91.96,   472.12
  472.39,    91.54,   597.12
  470.18,   217.35,   347.54
  470.12,   216.94,   472.53
  470.05,   216.52,   597.53
  467.84,   342.33,   347.95
  467.78,   341.91,   472.95
  467.71,   341.50,   597.95
  597.50,    94.72,   347.19
  597.43,    94.30,   472.19
  597.37,    93.88,   597.19
  595.16,   219.69,   347.61
  595.09,   219.28,   472.61
  595.03,   218.86,   597.61
  592.82,   344.67,   348.03
  592.76,   344.25,   473.03
  592.69,   343.84,   598.03
  722.48,    97.05,   347.27
  722.41,    96.64,   472.27
  722.34,    96.22,   597.27
  720.14,   222.03,   347.69
  720.07,   221.61,   472.69
  720.01,   221.20,   597.68
  717.80,   347.01,   348.10
  717.73,   346.59,   473.10
  717.67,   346.17,   598.10
  465.02,   106.10,   470.74
  464.08,   103.57,   595.71
  463.15,   101.04,   720.68
  462.46,   231.05,   473.25
  461.53,   228.52,   598.22
  460.59,   225.99,   723.19
  459.91,   356.00,   475.76
  458.97,   353.47,   600.73
  458.04,   350.94,   725.70
  589.99,   108.64,   471.72
  589.05,   106.10,   596.70
  588.12,   103.57,   721.67
  587.43,   233.59,   474.24
  586.50,   231.05,   599.21
  585.56,   228.52,   724.18
  584.88,   358.53,   476.75
  583.94,   356.00,   601.72
  583.01,   353.47,   726.69
  714.96,   111.17,   472.71
  714.02,   108.64,   597.68
  713.09,   106.11,   722.65
  712.40,   236.12,   475.22
  711.47,   233.59,   600.19
  710.53,   231.06,   725.16
  709.85,   361.07,   477.73
  708.91,   358.54,   602.71
  707.98,   356.01,   727.68
  466.05,   105.13,   594.36
  469.11,   101.56,   719.27
  472.17,    97.98,   844.18
  465.79,   230.08,   597.94
  468.85,   226.51,   722.85
  471.91,   222.93,   847.76
  465.53,   355.03,   601.52
  468.59,   351.45,   726.43
  471.65,   347.88,   851.34
  591.01,   105.48,   591.31
  594.07,   101.90,   716.22
  597.13,    98.33,   841.13
  590.75,   230.43,   594.89
  593.81,   226.85,   719.80
  596.87,   223.28,   844.71
  590.49,   355.37,   598.47
  593.55,   351.80,   723.38
  596.61,   348.22,   848.29
  715.97,   105.82,   588.25
  719.03,   102.25,   713.17
  722.09,    98.67,   838.08
  715.71,   230.77,   591.84
  718.77,   227.20,   716.75
  721.83,   223.62,   841.66
  715.46,   355.72,   595.42
  718.52,   352.14,   720.33
  721.58,   348.57,   845.24
  481.67,   222.64,   101.37
  479.72,   223.66,   226.35
  477.76,   224.68,   351.33
  480.69,   347.63,   100.33
  478.74,   348.65,   225.31
  476.79,   349.67,   350.29
  479.72,   472.62,    99.30
  477.77,   473.64,   224.28
  475.82,   474.66,   349.26
  606.65,   223.63,   103.31
  604.70,   224.65,   228.29
  602.75,   225.67,   353.27
  605.67,   348.62,   102.28
  603.72,   349.64,   227.26
  601.77,   350.66,   352.24
  604.70,   473.61,   101.24
  602.75,   474.63,   226.22
  600.80,   475.65,   351.20
  731.63,   224.62,   105.26
  729.68,   225.64,   230.24
  727.73,   226.66,   355.22
  730.66,   349.61,   104.22
  728.70,   350.63,   229.20
  726.75,   351.65,   354.18
  729.68,   474.60,   103.19
  727.73,   475.62,   228.17
  725.78,   476.64,   353.15
  483.40,   210.56,   225.01
  485.14,   212.21,   349.98
  486.89,   213.86,   474.96
  482.10,   335.55,   223.38
  483.84,   337.19,   348.35
  485.59,   338.84,   473.33
  480.80,   460.53,   221.75
  482.55,   462.18,   346.72
  484.29,   463.83,   471.70
  608.38,   211.84,   223.25
  610.12,   213.49,   348.22
  611.87,   215.13,   473.20
  607.08,   336.82,   221.62
  608.83,   338.47,   346.59
  610.57,   340.12,   471.57
  605.78,   461.80,   219.99
  607.53,   463.45,   344.96
  609.27,   465.10,   469.94
  733.36,   213.11,   221.48
  735.10,   214.76,   346.46
  736.85,   216.41,   471.44
  732.06,   338.09,   219.85
  733.81,   339.74,   344.83
  735.55,   341.39,   469.81
  730.77,   463.08,   218.22
  732.51,   464.72,   343.20
  734.25,   466.37,   468.18
  464.81,   224.49,   344.52
  465.85,   225.89,   469.51
  466.90,   227.28,   594.49
  461.78,   349.45,   343.15
  462.83,   350.84,   468.14
  463.87,   352.24,   593.12
  458.76,   474.40,   341.78
  459.80,   475.80,   466.77
  460.85,   477.20,   591.75
  589.77,   227.50,   343.44
  590.81,   228.90,   468.43
  591.86,   230.30,   593.42
  586.74,   352.46,   342.07
  587.79,   353.86,   467.06
  588.83,   355.25,   592.05
  583.72,   477.42,   340.70
  584.76,   478.81,   465.69
  585.81,   480.21,   590.67
  714.72,   230.52,   342.36
  715.77,   231.91,   467.35
  716.82,   233.31,   592.34
  711.70,   355.47,   340.99
  712.75,   356.87,   465.98
  713.79,   358.26,   590.97
  708.68,   480.43,   339.62
  709.72,   481.82,   464.61
  710.77,   483.22,   589.60
  472.35,   218.89,   472.43
  469.22,   218.74,   597.39
  466.08,   218.59,   722.35
  469.57,   343.86,   472.51
  466.43,   343.71,   597.47
  463.30,   343.56,   722.43
  466.78,   468.83,   472.59
  463.65,   468.68,   597.55
  460.52,   468.53,   722.51
  597.28,   221.67,   475.56
  594.15,   221.52,   600.52
  591.01,   221.37,   725.48
  594.50,   346.64,   475.64
  591.36,   346.49,   600.60
  588.23,   346.34,   725.57
  591.71,   471.61,   475.73
  588.58,   471.46,   600.69
  585.45,   471.31,   725.65
  722.21,   224.45,   478.70
  719.08,   224.30,   603.66
  715.94,   224.15,   728.62
  719.43,   349.42,   478.78
  716.29,   349.27,   603.74
  713.16,   349.12,   728.70
  716.64,   474.39,   478.86
  713.51,   474.24,   603.82
  710.38,   474.08,   728.78
  469.29,   215.87,   593.59
  470.85,   220.25,   718.51
  472.41,   224.63,   843.42
  469.81,   340.79,   589.20
  471.37,   345.17,   714.11
  472.93,   349.55,   839.03
  470.33,   465.71,   584.81
  471.89,   470.09,   709.72
  473.45,   474.48,   834.64
  594.28,   215.29,   592.05
  595.84,   219.67,   716.97
  597.40,   224.06,   841.88
  594.80,   340.21,   587.66
  596.36,   344.60,   712.58
  597.92,   348.98,   837.49
  595.32,   465.13,   583.27
  596.88,   469.52,   708.18
  598.44,   473.90,   833.10
  719.27,   214.71,   590.51
  720.83,   219.10,   715.43
  722.39,   223.48,   840.34
  719.79,   339.64,   586.12
  721.35,   344.02,   711.04
  722.91,   348.40,   835.95
  720.31,   464.56,   581.73
  721.87,   468.94,   706.65
  723.43,   473.33,   831.56
  465.94,   349.07,    96.90
  463.02,   350.98,   221.85
  460.10,   352.88,   346.81
  465.56,   474.06,    94.99
  462.64,   475.96,   219.94
  459.71,   477.87,   344.89
  465.18,   599.04,    93.07
  462.26,   600.95,   218.03
  459.33,   602.85,   342.98
  590.91,   349.50,    99.82
  587.98,   351.40,   224.77
  585.06,   353.31,   349.72
  590.53,   474.48,    97.91
  587.60,   476.39,   222.86
  584.68,   478.29,   347.81
  590.14,   599.47,    95.99
  587.22,   601.37,   220.94
  584.30,   603.28,   345.89
  715.87,   349.93,   102.74
  712.95,   351.83,   227.69
  710.03,   353.73,   352.64
  715.49,   474.91,   100.82
  712.57,   476.81,   225.77
  709.64,   478.72,   350.72
  715.11,   599.89,    98.91
  712.19,   601.80,   223.86
  709.26,   603.70,   348.81
  473.20,   363.12,   226.99
  476.75,   364.93,   351.93
  480.29,   366.74,   476.87
  473.10,   488.11,   225.19
  476.65,   489.92,   350.12
  480.19,   491.73,   475.06
  473.00,   613.10,   223.38
  476.55,   614.90,   348.32
  480.09,   616.71,   473.25
  598.15,   363.17,   223.44
  601.70,   364.98,   348.38
  605.24,   366.79,   473.32
  598.05,   488.16,   221.64
  601.60,   489.97,   346.57
  605.14,   491.78,   471.51
  597.95,   613.15,   219.83
  601.50,   614.95,   344.77
  605.04,   616.76,   469.70
  723.10,   363.22,   219.90
  726.65,   365.03,   344.83
  730.19,   366.84,   469.77
  723.00,   488.21,   218.09
  726.55,   490.02,   343.03
  730.09,   491.83,   467.96
  722.90,   613.20,   216.28
  726.45,   615.00,   341.22
  729.99,   616.81,   466.16
  489.68,   352.18,   355.44
  491.39,   349.59,   480.40
  493.10,   347.01,   605.37
  487.68,   477.14,   358.06
  489.38,   474.55,   483.02
  491.09,   471.96,   607.98
  485.67,   602.09,   360.67
  487.38,   599.51,   485.63
  489.08,   596.92,   610.59
  614.66,   354.22,   353.78
  616.36,   351.63,   478.74
  618.07,   349.05,   603.70
  612.65,   479.18,   356.39
  614.36,   476.59,   481.35
  616.06,   474.00,   606.32
  610.64,   604.13,   359.01
  612.35,   601.55,   483.97
  614.05,   598.96,   608.93
  739.63,   356.26,   352.12
  741.33,   353.68,   477.08
  743.04,   351.09,   602.04
  737.62,   481.22,   354.73
  739.33,   478.63,   479.69
  741.03,   476.05,   604.65
  735.61,   606.17,   357.34
  737.32,   603.59,   482.30
  739.03,   601.00,   607.27
  471.97,   351.35,   472.41
  471.65,   349.76,   597.40
  471.33,   348.17,   722.39
  471.79,   476.34,   474.00
  471.47,   474.75,   598.99
  471.15,   473.16,   723.98
  471.61,   601.33,   475.58
  471.29,   599.74,   600.57
  470.97,   598.15,   725.56
  596.97,   351.53,   472.73
  596.65,   349.94,   597.72
  596.33,   348.35,   722.71
  596.79,   476.52,   474.32
  596.47,   474.93,   599.31
  596.15,   473.34,   724.30
  596.60,   601.51,   475.90
  596.29,   599.92,   600.89
  595.97,   598.33,   725.88
  721.97,   351.70,   473.05
  721.65,   350.12,   598.04
  721.33,   348.53,   723.03
  721.79,   476.69,   474.64
  721.47,   475.11,   599.63
  721.15,   473.52,   724.62
  721.60,   601.68,   476.23
  721.29,   600.10,   601.21
  720.97,   598.51,   726.20
  482.70,   348.57,   602.98
  481.22,   345.65,   727.94
  479.73,   342.73,   852.89
  480.18,   473.51,   605.87
  478.70,   470.59,   730.83
  477.21,   467.67,   855.79
  477.66,   598.46,   608.77
  476.18,   595.53,   733.72
  474.69,   592.61,   858.68
  607.67,   351.06,   604.52
  606.18,   348.13,   729.48
  604.70,   345.21,   854.44
  605.15,   476.00,   607.42
  603.66,   473.08,   732.37
  602.18,   470.15,   857.33
  602.63,   600.94,   610.31
  601.14,   598.02,   735.27
  599.66,   595.09,   860.22
  732.63,   353.54,   606.07
  731.15,   350.62,   731.02
  729.66,   347.70,   855.98
  730.11,   478.48,   608.96
  728.63,   475.56,   733.92
  727.14,   472.64,   858.87
  727.59,   603.42,   611.85
  726.11,   600.50,   736.81
  724.62,   597.58,   861.77
  487.36,   488.76,   108.69
  487.35,   487.19,   233.68
  487.34,   485.61,   358.67
  484.52,   613.72,   110.26
  484.51,   612.15,   235.25
  484.50,   610.57,   360.24
  481.68,   738.68,   111.84
  481.67,   737.10,   236.83
  481.66,   735.53,   361.82
  612.32,   491.60,   108.73
  612.32,   490.03,   233.72
  612.31,   488.45,   358.71
  609.49,   616.56,   110.31
  609.48,   614.98,   235.30
  609.47,   613.41,   360.29
  606.65,   741.52,   111.88
  606.64,   739.94,   236.87
  606.63,   738.37,   361.86
  737.29,   494.44,   108.77
  737.28,   492.87,   233.76
  737.28,   491.29,   358.75
  734.45,   619.40,   110.35
  734.45,   617.82,   235.34
  734.44,   616.25,   360.33
  731.61,   744.36,   111.93
  731.61,   742.78,   236.92
  731.60,   741.21,   361.91
  467.10,   462.60,   216.41
  467.45,   463.24,   341.40
  467.79,   463.88,   466.40
  470.18,   587.56,   215.76
  470.52,   588.20,   340.76
  470.87,   588.84,   465.75
  473.26,   712.52,   215.11
  473.60,   713.16,   340.11
  473.94,   713.80,   465.11
  592.07,   459.52,   216.08
  592.41,   460.16,   341.08
  592.75,   460.80,   466.08
  595.14,   584.48,   215.43
  595.49,   585.12,   340.43
  595.83,   585.76,   465.43
  598.22,   709.44,   214.79
  598.56,   710.08,   339.78
  598.91,   710.72,   464.78
  717.03,   456.44,   215.75
  717.37,   457.08,   340.75
  717.71,   457.72,   465.75
  720.11,   581.40,   215.11
  720.45,   582.04,   340.11
  720.79,   582.68,   465.10
  723.18,   706.36,   214.46
  723.53,   707.00,   339.46
  723.87,   707.64,   464.46
  486.72,   462.81,   352.78
  483.42,   465.56,   477.70
  480.12,   468.31,   602.63
  486.45,   587.78,   350.02
  483.15,   590.53,   474.95
  479.85,   593.28,   599.87
  486.18,   712.75,   347.26
  482.88,   715.50,   472.19
  479.57,   718.25,   597.11
  611.68,   463.16,   356.07
  608.38,   465.91,   481.00
  605.08,   468.66,   605.93
  611.41,   588.13,   353.32
  608.11,   590.88,   478.24
  604.80,   593.63,   603.17
  611.14,   713.10,   350.56
  607.83,   715.85,   475.48
  604.53,   718.60,   600.41
  736.64,   463.50,   359.37
  733.33,   466.25,   484.29
  730.03,   469.00,   609.22
  736.36,   588.47,   356.61
  733.06,   591.22,   481.54
  729.76,   593.97,   606.46
  736.09,   713.44,   353.85
  732.79,   716.19,   478.78
  729.49,   718.94,   603.71
  480.12,   478.29,   477.32
  478.65,   479.40,   602.30
  477.17,   480.51,   727.29
  481.85,   603.27,   476.23
  480.37,   604.38,   601.22
  478.90,   605.49,   726.20
  483.57,   728.26,   475.14
  482.10,   729.37,   600.13
  480.63,   730.47,   725.12
  605.10,   476.58,   478.80
  603.63,   477.68,   603.79
  602.15,   478.79,   728.78
  606.83,   601.56,   477.72
  605.35,   602.67,   602.70
  603.88,   603.77,   727.69
  608.55,   726.54,   476.63
  607.08,   727.65,   601.62
  605.61,   728.76,   726.60
  730.08,   474.86,   480.29
  728.60,   475.97,   605.28
  727.13,   477.08,   730.26
  731.80,   599.84,   479.20
  730.33,   600.95,   604.19
  728.86,   602.06,   729.18
  733.53,   724.83,   478.12
  732.06,   725.94,   603.10
  730.59,   727.04,   728.09
  477.89,   470.86,   601.20
  478.08,   469.80,   726.19
  478.26,   468.74,   851.19
  476.76,   595.85,   602.25
  476.95,   594.79,   727.25
  477.13,   593.73,   852.25
  475.63,   720.84,   603.31
  475.81,   719.78,   728.31
  476.00,   718.72,   853.30
  602.89,   471.99,   601.02
  603.07,   470.94,   726.01
  603.26,   469.88,   851.01
  601.75,   596.98,   602.08
  601.94,   595.93,   727.07
  602.13,   594.87,   852.07
  600.62,   721.97,   603.14
  600.81,   720.92,   728.13
  600.99,   719.86,   853.13
  727.88,   473.13,   600.84
  728.07,   472.07,   725.84
  728.25,   471.01,   850.83
  726.75,   598.12,   601.90
  726.93,   597.06,   726.90
  727.12,   596.00,   851.89
  725.62,   723.11,   602.96
  725.80,   722.05,   727.96
  725.99,   720.99,   852.95
  469.76,   600.72,    97.79
  468.82,   600.88,   222.79
  467.88,   601.03,   347.78
  473.98,   725.65,    97.67
  473.04,   725.80,   222.66
  472.11,   725.96,   347.66
  478.21,   850.58,    97.54
  477.27,   850.73,   222.54
  476.33,   850.89,   347.54
  594.69,   596.50,    98.73
  593.75,   596.65,   223.73
  592.81,   596.81,   348.73
  598.91,   721.43,    98.61
  597.97,   721.58,   223.61
  597.03,   721.74,   348.60
  603.13,   846.36,    98.49
  602.19,   846.51,   223.48
  601.25,   846.67,   348.48
  719.61,   592.28,    99.68
  718.67,   592.43,   224.67
  717.73,   592.59,   349.67
  723.83,   717.21,    99.55
  722.90,   717.36,   224.55
  721.96,   717.52,   349.55
  728.06,   842.13,    99.43
  727.12,   842.29,   224.43
  726.18,   842.45,   349.42
  482.83,   605.70,   229.33
  481.95,   606.37,   354.33
  481.08,   607.05,   479.32
  480.85,   730.68,   228.65
  479.98,   731.35,   353.64
  479.11,   732.03,   478.64
  478.88,   855.66,   227.96
  478.01,   856.34,   352.95
  477.13,   857.01,   477.95
  607.81,   607.68,   230.20
  606.94,   608.35,   355.19
  606.06,   609.02,   480.19
  605.84,   732.66,   229.51
  604.96,   733.33,   354.50
  604.09,   734.01,   479.50
  603.86,   857.64,   228.82
  602.99,   858.32,   353.82
  602.11,   858.99,   478.81
  732.79,   609.66,   231.06
  731.92,   610.33,   356.06
  731.04,   611.00,   481.05
  730.82,   734.64,   230.37
  729.94,   735.31,   355.37
  729.07,   735.99,   480.36
  728.84,   859.62,   229.69
  727.97,   860.29,   354.68
  727.09,   860.97,   479.68
  468.55,   593.60,   346.79
  471.79,   590.95,   471.72
  475.04,   588.30,   596.65
  469.06,   718.58,   349.43
  472.30,   715.92,   474.36
  475.54,   713.27,   599.29
  469.56,   843.55,   352.07
  472.80,   840.90,   477.00
  476.04,   838.24,   601.93
  593.51,   593.17,   343.54
  596.75,   590.52,   468.47
  599.99,   587.87,   593.40
  594.01,   718.14,   346.18
  597.26,   715.49,   471.11
  600.50,   712.84,   596.04
  594.52,   843.11,   348.82
  597.76,   840.46,   473.75
  601.00,   837.81,   598.68
  718.47,   592.74,   340.29
  721.71,   590.08,   465.22
  724.95,   587.43,   590.15
  718.97,   717.71,   342.93
  722.21,   715.05,   467.86
  725.45,   712.40,   592.79
  719.47,   842.68,   345.57
  722.72,   840.03,   470.49
  725.96,   837.37,   595.42
  480.37,   590.07,   470.25
  482.62,   590.87,   595.22
  484.87,   591.67,   720.20
  483.42,   715.03,   469.39
  485.67,   715.83,   594.37
  487.92,   716.63,   719.35
  486.47,   839.99,   468.54
  488.72,   840.79,   593.52
  490.97,   841.59,   718.50
  605.31,   587.01,   468.02
  607.56,   587.81,   592.99
  609.81,   588.60,   717.97
  608.36,   711.97,   467.16
  610.61,   712.77,   592.14
  612.86,   713.56,   717.12
  611.41,   836.93,   466.31
  613.66,   837.73,   591.29
  615.91,   838.52,   716.27
  730.25,   583.94,   465.79
  732.50,   584.74,   590.76
  734.75,   585.54,   715.74
  733.30,   708.90,   464.94
  735.55,   709.70,   589.91
  737.80,   710.50,   714.89
  736.35,   833.86,   464.08
  738.60,   834.66,   589.06
  740.85,   835.46,   714.04
  476.19,   605.12,   600.86
  478.38,   601.59,   725.79
  480.57,   598.06,   850.72
  479.09,   730.04,   604.34
  481.28,   726.51,   729.27
  483.47,   722.98,   854.20
  481.99,   854.96,   607.82
  484.18,   851.43,   732.75
  486.37,   847.89,   857.68
  601.14,   602.28,   598.59
  603.33,   598.75,   723.52
  605.52,   595.22,   848.45
  604.04,   727.20,   602.07
  606.23,   723.67,   727.00
  608.42,   720.14,   851.93
  606.94,   852.12,   605.55
  609.13,   848.59,   730.48
  611.32,   845.06,   855.41
  726.09,   599.45,   596.32
  728.28,   595.92,   721.25
  730.46,   592.39,   846.18
  728.98,   724.37,   599.80
  731.17,   720.83,   724.73
  733.36,   717.30,   849.66
  731.88,   849.28,   603.28
  734.07,   845.75,   728.21
  736.26,   842.22,   853.14
  599.14,   114.68,   101.96
  598.68,   112.93,   226.94
  598.22,   111.18,   351.93
  601.46,   239.64,   103.71
  601.00,   237.89,   228.70
  600.54,   236.14,   353.69
  603.79,   364.61,   105.47
  603.32,   362.86,   230.46
  602.86,   361.11,   355.45
  724.12,   112.35,   102.38
  723.66,   110.60,   227.37
  723.20,   108.85,   352.36
  726.44,   237.31,   104.14
  725.98,   235.56,   229.13
  725.52,   233.81,   354.12
  728.76,   362.28,   105.90
  728.30,   360.53,   230.89
  727.84,   358.78,   355.87
  849.10,   110.02,   102.81
  848.64,   108.27,   227.80
  848.17,   106.52,   352.79
  851.42,   234.99,   104.57
  850.96,   233.24,   229.56
  850.50,   231.49,   354.54
  853.74,   359.95,   106.33
  853.28,   358.20,   231.32
  852.82,   356.45,   356.30
  597.79,   107.40,   223.23
  594.99,   106.52,   348.19
  592.19,   105.64,   473.16
  595.97,   232.38,   224.07
  593.17,   231.50,   349.03
  590.36,   230.63,   474.00
  594.14,   357.37,   224.90
  591.34,   356.49,   349.87
  588.54,   355.61,   474.83
  722.75,   109.21,   226.04
  719.95,   108.33,   351.01
  717.14,   107.45,   475.97
  720.92,   234.19,   226.88
  718.12,   233.31,   351.85
  715.32,   232.43,   476.81
  719.10,   359.17,   227.72
  716.30,   358.29,   352.68
  713.49,   357.42,   477.65
  847.70,   111.01,   228.86
  844.90,   110.13,   353.82
  842.10,   109.25,   478.79
  845.88,   236.00,   229.70
  843.08,   235.12,   354.66
  840.27,   234.24,   479.63
  844.05,   360.98,   230.53
  841.25,   360.10,   355.50
  838.45,   359.22,   480.46
  596.74,    99.18,   349.26
  599.19,    97.88,   474.23
  601.64,    96.58,   599.20
  599.20,   224.15,   350.51
  601.66,   222.85,   475.48
  604.11,   221.55,   600.45
  601.67,   349.12,   351.76
  604.13,   347.82,   476.73
  606.58,   346.52,   601.70
  721.69,    96.74,   346.78
  724.14,    95.44,   471.75
  726.59,    94.14,   596.72
  724.16,   221.71,   348.04
  726.61,   220.41,   473.00
  729.06,   219.11,   597.97
  726.62,   346.68,   349.29
  729.08,   345.38,   474.26
  731.53,   344.08,   599.22
  846.64,    94.30,   344.31
  849.09,    93.00,   469.28
  851.54,    91.70,   594.24
  849.11,   219.26,   345.56
  851.56,   217.97,   470.53
  854.01,   216.67,   595.50
  851.58,   344.23,   346.81
  854.03,   342.93,   471.78
  856.48,   341.64,   596.75
  611.88,    98.99,   480.98
  612.79,   102.79,   605.92
  613.69,   106.59,   730.86
  612.93,   223.93,   477.17
  613.83,   227.73,   602.11
  614.74,   231.53,   727.05
  613.98,   348.87,   473.36
  614.88,   352.67,   598.30
  615.79,   356.47,   723.24
  736.87,    97.91,   480.11
  737.78,   101.71,   605.04
  738.68,   105.51,   729.98
  737.92,   222.85,   476.30
  738.83,   226.65,   601.24
  739.73,   230.45,   726.18
  738.97,   347.79,   472.49
  739.88,   351.59,   597.43
  740.78,   355.39,   722.37
  861.86,    96.84,   479.23
  862.77,   100.64,   604.17
  863.68,   104.44,   729.11
  862.91,   221.78,   475.42
  863.82,   225.58,   600.36
  864.73,   229.38,   725.30
  863.96,   346.71,   471.62
  864.87,   350.51,   596.55
  865.77,   354.31,   721.49
  609.92,    92.52,   607.11
  611.23,    96.57,   732.03
  612.53,   100.62,   856.96
  609.70,   217.46,   603.06
  611.01,   221.51,   727.99
  612.32,   225.55,   852.91
  609.49,   342.39,   599.01
  610.80,   346.44,   723.94
  612.11,   350.49,   848.87
  734.91,    92.69,   605.79
  736.22,    96.74,   730.72
  737.53,   100.79,   855.65
  734.70,   217.63,   601.74
  736.01,   221.68,   726.67
  737.31,   225.73,   851.60
  734.48,   342.56,   597.70
  735.79,   346.61,   722.62
  737.10,   350.66,   847.55
  859.90,    92.86,   604.48
  861.21,    96.91,   729.40
  862.52,   100.96,   854.33
  859.69,   217.80,   600.43
  861.00,   221.85,   725.36
  862.31,   225.90,   850.28
  859.48,   342.73,   596.38
  860.78,   346.78,   721.31
  862.09,   350.83,   846.24
  608.75,   230.64,   104.17
  610.46,   230.98,   229.15
  612.17,   231.32,   354.14
  612.18,   355.59,   103.78
  613.89,   355.93,   228.77
  615.60,   356.27,   353.75
  615.61,   480.54,   103.39
  617.32,   480.88,   228.38
  619.03,   481.22,   353.37
  733.69,   227.20,   102.47
  735.40,   227.54,   227.45
  737.11,   227.88,   352.44
  737.12,   352.15,   102.08
  738.83,   352.49,   227.07
  740.54,   352.84,   352.05
  740.55,   477.11,   101.69
  742.26,   477.45,   226.68
  743.97,   477.79,   351.67
  858.63,   223.77,   100.77
  860.34,   224.11,   225.75
  862.05,   224.45,   350.74
  862.06,   348.72,   100.38
  863.77,   349.06,   225.37
  865.48,   349.40,   350.35
  865.49,   473.67,    99.99
  867.20,   474.01,   224.98
  868.91,   474.35,   349.97
  598.20,   219.18,   225.00
  597.71,   217.92,   349.99
  597.23,   216.65,   474.98
  598.58,   344.17,   226.26
  598.09,   342.91,   351.25
  597.60,   341.65,   476.24
  598.95,   469.16,   227.52
  598.47,   467.90,   352.52
  597.98,   466.64,   477.51
  723.20,   218.80,   225.48
  722.71,   217.54,   350.47
  722.23,   216.27,   475.46
  723.58,   343.79,   226.74
  723.09,   342.53,   351.74
  722.60,   341.27,   476.73
  723.95,   468.78,   228.01
  723.46,   467.52,   353.00
  722.98,   466.26,   477.99
  848.20,   218.42,   225.96
  847.71,   217.16,   350.96
  847.22,   215.89,   475.95
  848.58,   343.41,   227.23
  848.09,   342.15,   352.22
  847.60,   340.89,   477.21
  848.95,   468.40,   228.49
  848.46,   467.14,   353.48
  847.97,   465.88,   478.48
  591.26,   225.16,   346.40
  590.87,   221.12,   471.34
  590.48,   217.08,   596.27
  590.48,   350.09,   350.44
  590.09,   346.05,   475.37
  589.70,   342.01,   600.30
  589.71,   475.02,   354.47
  589.32,   470.98,   479.40
  588.92,   466.95,   604.34
  716.26,   225.92,   346.82
  715.87,   221.88,   471.75
  715.48,   217.85,   596.69
  715.48,   350.85,   350.85
  715.09,   346.82,   475.79
  714.70,   342.78,   600.72
  714.70,   475.78,   354.89
  714.31,   471.75,   479.82
  713.92,   467.71,   604.75
  841.26,   226.68,   347.23
  840.86,   222.65,   472.17
  840.47,   218.61,   597.10
  840.48,   351.62,   351.27
  840.09,   347.58,   476.20
  839.70,   343.54,   601.14
  839.70,   476.55,   355.30
  839.31,   472.51,   480.24
  838.92,   468.48,   605.17
  593.27,   225.19,   471.21
  591.54,   225.19,   596.20
  589.81,   225.18,   721.18
  592.38,   350.19,   471.20
  590.65,   350.18,   596.19
  588.92,   350.18,   721.18
  591.49,   475.18,   471.19
  589.76,   475.18,   596.18
  588.03,   475.17,   721.17
  718.25,   226.08,   472.94
  716.52,   226.07,   597.93
  714.79,   226.07,   722.91
  717.36,   351.08,   472.93
  715.63,   351.07,   597.92
  713.90,   351.07,   722.91
  716.48,   476.07,   472.92
  714.75,   476.07,   597.91
  713.02,   476.06,   722.90
  843.24,   226.97,   474.67
  841.51,   226.96,   599.66
  839.78,   226.96,   724.64
  842.35,   351.97,   474.66
  840.62,   351.96,   599.65
  838.89,   351.96,   724.64
  841.46,   476.96,   474.65
  839.73,   476.96,   599.64
  838.00,   476.95,   724.63
  598.55,   214.04,   595.61
  597.40,   215.82,   720.59
  596.24,   217.61,   845.57
  598.62,   339.02,   593.82
  597.47,   340.81,   718.81
  596.31,   342.59,   843.79
  598.69,   464.01,   592.04
  597.54,   465.80,   717.02
  596.38,   467.58,   842.00
  723.55,   213.98,   596.76
  722.39,   215.77,   721.75
  721.24,   217.55,   846.73
  723.62,   338.97,   594.98
  722.46,   340.76,   719.96
  721.31,   342.54,   844.94
  723.68,   463.96,   593.20
  722.53,   465.74,   718.18
  721.38,   467.53,   843.16
  848.54,   213.93,   597.92
  847.39,   215.72,   722.90
  846.23,   217.50,   847.88
  848.61,   338.92,   596.14
  847.46,   340.70,   721.12
  846.30,   342.49,   846.10
  848.68,   463.90,   594.35
  847.52,   465.69,   719.33
  846.37,   467.47,   844.31
  594.89,   350.64,   100.37
  594.99,   353.58,   225.34
  595.09,   356.52,   350.30
  595.55,   475.61,    97.44
  595.65,   478.54,   222.40
  595.75,   481.48,   347.37
  596.21,   600.57,    94.50
  596.31,   603.51,   219.46
  596.40,   606.44,   344.43
  719.89,   349.98,   100.29
  719.99,   352.92,   225.25
  720.08,   355.85,   350.22
  720.55,   474.95,    97.35
  720.64,   477.88,   222.32
  720.74,   480.82,   347.28
  721.21,   599.91,    94.41
  721.30,   602.85,   219.38
  721.40,   605.78,   344.35
  844.89,   349.32,   100.21
  844.98,   352.26,   225.17
  845.08,   355.19,   350.14
  845.54,   474.28,    97.27
  845.64,   477.22,   222.23
  845.74,   480.16,   347.20
  846.20,   599.25,    94.33
  846.30,   602.18,   219.30
  846.40,   605.12,   344.26
  590.39,   343.87,   217.12
  592.82,   341.90,   342.08
  595.25,   339.94,   467.04
  589.66,   468.85,   219.10
  592.09,   466.88,   344.06
  594.52,   464.92,   469.02
  588.93,   593.83,   221.08
  591.37,   591.87,   346.04
  593.80,   589.90,   471.00
  715.36,   344.63,   214.70
  717.79,   342.67,   339.66
  720.22,   340.70,   464.62
  714.63,   469.62,   216.68
  717.07,   467.65,   341.64
  719.50,   465.68,   466.60
  713.91,   594.60,   218.66
  716.34,   592.63,   343.62
  718.77,   590.67,   468.58
  840.33,   345.40,   212.28
  842.77,   343.43,   337.24
  845.20,   341.47,   462.20
  839.61,   470.38,   214.26
  842.04,   468.41,   339.22
  844.47,   466.45,   464.18
  838.88,   595.36,   216.24
  841.31,   593.40,   341.20
  843.75,   591.43,   466.16
  595.64,   361.35,   351.58
  596.40,   357.45,   476.52
  597.17,   353.55,   601.46
  596.51,   486.28,   355.48
  597.27,   482.39,   480.41
  598.04,   478.49,   605.35
  597.38,   611.22,   359.37
  598.15,   607.32,   484.31
  598.91,   603.42,   609.24
  720.64,   360.50,   350.79
  721.40,   356.60,   475.73
  722.16,   352.70,   600.67
  721.51,   485.44,   354.69
  722.27,   481.54,   479.62
  723.03,   477.64,   604.56
  722.38,   610.37,   358.58
  723.14,   606.48,   483.52
  723.90,   602.58,   608.45
  845.63,   359.65,   350.00
  846.39,   355.76,   474.94
  847.15,   351.86,   599.88
  846.50,   484.59,   353.90
  847.26,   480.69,   478.83
  848.03,   476.79,   603.77
  847.37,   609.53,   357.79
  848.13,   605.63,   482.73
  848.90,   601.73,   607.66
  594.16,   363.41,   478.37
  598.04,   361.60,   603.30
  601.92,   359.78,   728.23
  595.71,   488.39,   480.14
  599.59,   486.58,   605.07
  603.47,   484.76,   730.00
  597.26,   613.37,   481.91
  601.14,   611.55,   606.84
  605.02,   609.74,   731.76
  719.09,   361.92,   474.47
  722.97,   360.11,   599.40
  726.85,   358.29,   724.32
  720.64,   486.90,   476.24
  724.52,   485.08,   601.16
  728.40,   483.27,   726.09
  722.19,   611.88,   478.00
  726.07,   610.06,   602.93
  729.95,   608.25,   727.86
  844.02,   360.43,   470.56
  847.90,   358.61,   595.49
  851.78,   356.80,   720.42
  845.57,   485.40,   472.33
  849.45,   483.59,   597.26
  853.33,   481.77,   722.18
  847.12,   610.38,   474.10
  851.00,   608.57,   599.03
  854.88,   606.75,   723.95
  604.63,   345.08,   604.20
  603.09,   345.43,   729.19
  601.56,   345.78,   854.18
  603.02,   470.07,   603.83
  601.48,   470.42,   728.82
  599.95,   470.77,   853.81
  601.41,   595.06,   603.45
  599.88,   595.41,   728.44
  598.34,   595.76,   853.43
  729.61,   346.70,   605.73
  728.07,   347.05,   730.72
  726.54,   347.40,   855.71
  728.00,   471.68,   605.36
  726.47,   472.04,   730.35
  724.93,   472.39,   855.34
  726.39,   596.67,   604.99
  724.86,   597.02,   729.98
  723.32,   597.38,   854.97
  854.59,   348.31,   607.26
  853.05,   348.66,   732.25
  851.52,   349.01,   857.24
  852.98,   473.30,   606.89
  851.45,   473.65,   731.88
  849.91,   474.00,   856.87
  851.37,   598.29,   606.52
  849.84,   598.64,   731.51
  848.30,   598.99,   856.50
  615.72,   474.11,   107.99
  610.93,   477.67,   232.85
  606.13,   481.22,   357.71
  619.24,   599.01,   104.57
  614.44,   602.57,   229.43
  609.65,   606.13,   354.28
  622.76,   723.92,   101.15
  617.96,   727.47,   226.00
  613.16,   731.03,   350.86
  740.58,   470.73,   112.89
  735.78,   474.29,   237.74
  730.99,   477.84,   362.60
  744.10,   595.63,   109.46
  739.30,   599.19,   234.32
  734.50,   602.75,   359.18
  747.61,   720.54,   106.04
  742.82,   724.09,   230.90
  738.02,   727.65,   355.75
  865.44,   467.35,   117.78
  860.64,   470.91,   242.64
  855.85,   474.46,   367.49
  868.96,   592.25,   114.36
  864.16,   595.81,   239.21
  859.36,   599.37,   364.07
  872.47,   717.16,   110.93
  867.68,   720.71,   235.79
  862.88,   724.27,   360.65
  589.97,   471.83,   219.87
  590.88,   472.74,   344.86
  591.79,   473.66,   469.85
  585.32,   596.74,   218.99
  586.23,   597.65,   343.98
  587.14,   598.57,   468.97
  580.67,   721.65,   218.10
  581.58,   722.56,   343.10
  582.49,   723.48,   468.09
  714.88,   476.48,   218.92
  715.79,   477.39,   343.92
  716.70,   478.30,   468.91
  710.23,   601.39,   218.04
  711.14,   602.30,   343.04
  712.05,   603.21,   468.03
  705.58,   726.30,   217.16
  706.49,   727.21,   342.16
  707.40,   728.12,   467.15
  839.79,   481.12,   217.98
  840.70,   482.04,   342.98
  841.61,   482.95,   467.97
  835.14,   606.03,   217.10
  836.05,   606.95,   342.10
  836.96,   607.86,   467.09
  830.49,   730.94,   216.22
  831.40,   731.86,   341.22
  832.31,   732.77,   466.21
  589.21,   488.75,   349.55
  588.85,   488.43,   474.55
  588.48,   488.10,   599.55
  591.48,   613.73,   349.88
  591.11,   613.40,   474.88
  590.75,   613.08,   599.88
  593.75,   738.71,   350.21
  593.38,   738.38,   475.21
  593.02,   738.06,   600.20
  714.19,   486.48,   349.91
  713.83,   486.16,   474.91
  713.46,   485.84,   599.91
  716.46,   611.46,   350.24
  716.09,   611.14,   475.24
  715.73,   610.81,   600.23
  718.73,   736.44,   350.57
  718.36,   736.12,   475.56
  718.00,   735.79,   600.56
  839.17,   484.21,   350.27
  838.81,   483.89,   475.27
  838.44,   483.57,   600.27
  841.44,   609.19,   350.60
  841.07,   608.87,   475.59
  840.71,   608.55,   600.59
  843.70,   734.17,   350.92
  843.34,   733.85,   475.92
  842.98,   733.52,   600.92
  604.96,   482.22,   481.63
  604.65,   481.56,   606.63
  604.33,   480.90,   731.63
  604.70,   607.22,   482.29
  604.39,   606.56,   607.29
  604.08,   605.90,   732.29
  604.45,   732.22,   482.95
  604.13,   731.56,   607.95
  603.82,   730.90,   732.95
  729.96,   482.48,   481.95
  729.65,   481.82,   606.95
  729.33,   481.16,   731.94
  729.70,   607.48,   482.61
  729.39,   606.82,   607.61
  729.08,   606.16,   732.60
  729.45,   732.47,   483.27
  729.13,   731.81,   608.26
  728.82,   731.16,   733.26
  854.96,   482.73,   482.26
  854.65,   482.07,   607.26
  854.33,   481.41,   732.26
  854.70,   607.73,   482.92
  854.39,   607.07,   607.92
  854.07,   606.41,   732.92
  854.45,   732.73,   483.58
  854.13,   732.07,   608.58
  853.82,   731.41,   733.58
  595.84,   479.93,   599.86
  593.80,   477.43,   724.82
  591.75,   474.92,   849.78
  594.17,   604.90,   602.34
  592.12,   602.39,   727.30
  590.08,   599.89,   852.26
  592.50,   729.86,   604.82
  590.45,   727.36,   729.78
  588.41,   724.85,   854.74
  720.82,   481.56,   601.94
  718.77,   479.06,   726.90
  716.72,   476.55,   851.86
  719.14,   606.53,   604.42
  717.10,   604.02,   729.38
  715.05,   601.52,   854.34
  717.47,   731.49,   606.90
  715.43,   728.99,   731.86
  713.38,   726.48,   856.82
  845.79,   483.19,   604.02
  843.74,   480.69,   728.98
  841.69,   478.18,   853.94
  844.12,   608.16,   606.50
  842.07,   605.65,   731.46
  840.02,   603.15,   856.42
  842.44,   733.12,   608.98
  840.40,   730.62,   733.94
  838.35,   728.11,   858.90
  602.35,   584.69,    95.17
  601.22,   586.06,   220.15
  600.08,   587.44,   345.14
  599.28,   709.64,    93.77
  598.14,   711.02,   218.75
  597.00,   712.39,   343.74
  596.20,   834.60,    92.37
  595.06,   835.97,   217.35
  593.92,   837.34,   342.34
  727.31,   587.78,    96.27
  726.17,   589.16,   221.26
  725.04,   590.53,   346.25
  724.23,   712.74,    94.87
  723.09,   714.11,   219.86
  721.96,   715.48,   344.84
  721.15,   837.69,    93.47
  720.01,   839.06,   218.46
  718.88,   840.44,   343.44
  852.27,   590.87,    97.37
  851.13,   592.25,   222.36
  849.99,   593.62,   347.35
  849.19,   715.83,    95.97
  848.05,   717.20,   220.96
  846.91,   718.57,   345.95
  846.11,   840.78,    94.57
  844.97,   842.16,   219.56
  843.83,   843.53,   344.55
  596.71,   610.11,   225.41
  597.80,   606.28,   350.35
  598.90,   602.45,   475.29
  594.36,   735.03,   229.26
  595.45,   731.20,   354.20
  596.55,   727.37,   479.14
  592.01,   859.95,   233.11
  593.11,   856.12,   358.05
  594.20,   852.29,   482.99
  721.68,   612.49,   224.39
  722.78,   608.66,   349.33
  723.87,   604.83,   474.26
  719.33,   737.41,   228.24
  720.43,   733.58,   353.18
  721.52,   729.75,   478.11
  716.98,   862.33,   232.09
  718.08,   858.50,   357.03
  719.18,   854.67,   481.96
  846.65,   614.87,   223.37
  847.75,   611.04,   348.30
  848.84,   607.21,   473.24
  844.30,   739.79,   227.22
  845.40,   735.96,   352.15
  846.50,   732.13,   477.09
  841.96,   864.71,   231.07
  843.05,   860.88,   356.00
  844.15,   857.05,   480.94
  596.05,   603.84,   350.10
  594.31,   607.73,   475.03
  592.56,   611.62,   599.96
  598.57,   728.76,   346.25
  596.82,   732.65,   471.18
  595.07,   736.54,   596.10
  601.08,   853.67,   342.39
  599.33,   857.56,   467.32
  597.59,   861.45,   592.25
  721.01,   601.38,   351.93
  719.27,   605.27,   476.85
  717.52,   609.17,   601.78
  723.53,   726.30,   348.07
  721.78,   730.19,   473.00
  720.04,   734.08,   597.92
  726.04,   851.21,   344.21
  724.30,   855.10,   469.14
  722.55,   859.00,   594.07
  845.98,   598.92,   353.75
  844.23,   602.82,   478.68
  842.49,   606.71,   603.60
  848.49,   723.84,   349.89
  846.75,   727.73,   474.82
  845.00,   731.62,   599.75
  851.00,   848.76,   346.04
  849.26,   852.65,   470.96
  847.51,   856.54,   595.89
  596.69,   609.41,   481.92
  594.42,   606.86,   606.88
  592.15,   604.30,   731.83
  595.50,   734.38,   484.46
  593.23,   731.82,   609.41
  590.96,   729.27,   734.36
  594.31,   859.35,   486.99
  592.04,   856.79,   611.94
  589.77,   854.24,   736.90
  721.66,   610.55,   484.22
  719.39,   608.00,   609.17
  717.12,   605.44,   734.12
  720.47,   735.52,   486.75
  718.20,   732.97,   611.70
  715.93,   730.41,   736.66
  719.28,   860.49,   489.28
  717.01,   857.94,   614.24
  714.74,   855.38,   739.19
  846.64,   611.70,   486.51
  844.37,   609.14,   611.46
  842.10,   606.59,   736.42
  845.45,   736.67,   489.04
  843.18,   734.11,   614.00
  840.91,   731.56,   738.95
  844.26,   861.63,   491.58
  841.99,   859.08,   616.53
  839.72,   856.53,   741.48
  606.09,   605.33,   605.53
  602.91,   604.22,   730.48
  599.73,   603.10,   855.44
  608.74,   730.30,   606.71
  605.56,   729.18,   731.66
  602.38,   728.07,   856.62
  611.40,   855.26,   607.89
  608.21,   854.15,   732.85
  605.03,   853.03,   857.80
  731.02,   602.65,   608.69
  727.84,   601.54,   733.64
  724.66,   600.42,   858.60
  733.68,   727.62,   609.87
  730.49,   726.50,   734.82
  727.31,   725.39,   859.78
  736.33,   852.58,   611.05
  733.14,   851.47,   736.01
  729.96,   850.35,   860.96
  855.96,   599.97,   611.85
  852.77,   598.85,   736.80
  849.59,   597.74,   861.75
  858.61,   724.94,   613.03
  855.42,   723.82,   737.98
  852.24,   722.71,   862.94
  861.26,   849.90,   614.21
  858.08,   848.79,   739.16
  854.89,   847.67,   864.12
