27, 125, pa2-unknown-h-output1.txt
  207.74,   200.60,   204.36
  404.78,   402.06,   200.83
  102.64,    86.82,    97.66
  102.02,    88.59,   222.65
  101.40,    90.36,   347.64
  102.29,   211.81,    95.89
  101.67,   213.58,   220.88
  101.05,   215.35,   345.86
  101.94,   336.79,    94.12
  101.32,   338.57,   219.10
  100.70,   340.34,   344.09
  227.64,    87.18,    98.28
  227.02,    88.95,   223.27
  226.39,    90.72,   348.25
  227.29,   212.17,    96.51
  226.67,   213.94,   221.49
  226.05,   215.71,   346.48
  226.94,   337.15,    94.74
  226.32,   338.92,   219.72
  225.70,   340.69,   344.71
  352.64,    87.54,    98.90
  352.01,    89.31,   223.88
  351.39,    91.08,   348.87
  352.29,   212.52,    97.13
  351.67,   214.30,   222.11
  351.04,   216.07,   347.10
  351.94,   337.51,    95.35
  351.32,   339.28,   220.34
  350.69,   341.05,   345.32
  105.08,   106.15,   226.61
  104.37,   104.41,   351.60
  103.65,   102.66,   476.59
  103.21,   231.12,   228.35
  102.49,   229.38,   353.33
  101.77,   227.64,   478.32
  101.33,   356.10,   230.08
  100.61,   354.35,   355.06
   99.89,   352.61,   480.05
  230.07,   108.02,   227.36
  229.35,   106.27,   352.34
  228.63,   104.53,   477.33
  228.19,   232.99,   229.09
  227.47,   231.25,   354.08
  226.75,   229.50,   479.06
  226.32,   357.96,   230.82
  225.60,   356.22,   355.81
  224.88,   354.48,   480.79
  355.05,   109.88,   228.10
  354.33,   108.14,   353.09
  353.61,   106.40,   478.08
  353.18,   234.86,   229.84
  352.46,   233.11,   354.82
  351.74,   231.37,   479.81
  351.30,   359.83,   231.57
  350.58,   358.09,   356.55
  349.86,   356.34,   481.54
  108.12,   107.28,   353.21
  110.87,   104.05,   478.14
  113.62,   100.83,   603.06
  110.03,   232.22,   356.39
  112.78,   229.00,   481.32
  115.53,   225.78,   606.25
  111.94,   357.17,   359.57
  114.69,   353.94,   484.50
  117.44,   350.72,   609.43
  233.07,   105.44,   350.41
  235.82,   102.21,   475.34
  238.58,    98.99,   600.26
  234.98,   230.38,   353.59
  237.74,   227.16,   478.52
  240.49,   223.94,   603.45
  236.89,   355.33,   356.77
  239.65,   352.10,   481.70
  242.40,   348.88,   606.63
  358.03,   103.60,   347.61
  360.78,   100.37,   472.54
  363.53,    97.15,   597.46
  359.94,   228.54,   350.79
  362.69,   225.32,   475.72
  365.44,   222.10,   600.65
  361.85,   353.49,   353.97
  364.60,   350.26,   478.90
  367.35,   347.04,   603.83
   90.65,   102.67,   472.57
   94.97,   105.62,   597.46
   99.30,   108.58,   722.35
   88.03,   227.61,   469.70
   92.36,   230.56,   594.59
   96.69,   233.52,   719.48
   85.42,   352.55,   466.84
   89.75,   355.50,   591.73
   94.07,   358.46,   716.62
  215.55,   105.18,   468.18
  219.87,   108.13,   593.07
  224.20,   111.09,   717.96
  212.93,   230.12,   465.31
  217.26,   233.07,   590.21
  221.58,   236.03,   715.10
  210.32,   355.06,   462.45
  214.64,   358.01,   587.34
  218.97,   360.97,   712.23
  340.44,   107.69,   463.79
  344.77,   110.65,   588.68
  349.10,   113.60,   713.57
  337.83,   232.63,   460.93
  342.16,   235.59,   585.82
  346.48,   238.54,   710.71
  335.22,   357.57,   458.06
  339.54,   360.53,   582.95
  343.87,   363.48,   707.84
  100.42,   101.57,   600.88
  102.22,    98.71,   725.83
  104.01,    95.85,   850.78
  102.91,   226.51,   603.70
  104.71,   223.65,   728.65
  106.50,   220.80,   853.60
  105.40,   351.45,   606.52
  107.20,   348.60,   731.47
  108.99,   345.74,   856.43
  225.39,    99.12,   599.02
  227.18,    96.26,   723.98
  228.98,    93.41,   848.93
  227.88,   224.06,   601.84
  229.67,   221.21,   726.80
  231.47,   218.35,   851.75
  230.37,   349.01,   604.66
  232.16,   346.15,   729.62
  233.96,   343.29,   854.57
  350.35,    96.67,   597.17
  352.14,    93.81,   722.13
  353.94,    90.96,   847.08
  352.84,   221.61,   599.99
  354.63,   218.76,   724.95
  356.43,   215.90,   849.90
  355.33,   346.56,   602.81
  357.12,   343.70,   727.77
  358.92,   340.84,   852.72
  107.59,   223.13,    98.93
  107.62,   224.02,   223.93
  107.64,   224.91,   348.92
  108.12,   348.12,    98.04
  108.15,   349.01,   223.04
  108.17,   349.90,   348.03
  108.65,   473.12,    97.15
  108.68,   474.01,   222.15
  108.71,   474.90,   347.14
  232.58,   222.60,    98.90
  232.61,   223.49,   223.90
  232.64,   224.38,   348.90
  233.12,   347.59,    98.01
  233.14,   348.48,   223.01
  233.17,   349.37,   348.01
  233.65,   472.59,    97.12
  233.67,   473.48,   222.12
  233.70,   474.37,   347.12
  357.58,   222.07,    98.88
  357.61,   222.96,   223.87
  357.64,   223.85,   348.87
  358.11,   347.06,    97.99
  358.14,   347.95,   222.98
  358.17,   348.84,   347.98
  358.64,   472.06,    97.10
  358.67,   472.95,   222.09
  358.70,   473.84,   347.09
   92.09,   218.56,   222.91
   92.88,   217.31,   347.90
   93.67,   216.05,   472.89
   96.54,   343.47,   224.13
   97.33,   342.22,   349.12
   98.12,   340.97,   474.12
  100.99,   468.39,   225.36
  101.78,   467.13,   350.35
  102.57,   465.88,   475.34
  217.01,   214.12,   222.08
  217.80,   212.86,   347.07
  218.59,   211.61,   472.06
  221.46,   339.03,   223.30
  222.25,   337.78,   348.29
  223.04,   336.53,   473.28
  225.91,   463.95,   224.52
  226.70,   462.69,   349.51
  227.49,   461.44,   474.51
  341.93,   209.67,   221.24
  342.72,   208.42,   346.23
  343.50,   207.17,   471.23
  346.38,   334.59,   222.47
  347.16,   333.34,   347.46
  347.95,   332.08,   472.45
  350.83,   459.50,   223.69
  351.61,   458.25,   348.68
  352.40,   457.00,   473.67
   95.36,   226.12,   348.19
   94.58,   226.00,   473.19
   93.80,   225.88,   598.19
   94.55,   351.11,   348.30
   93.78,   350.99,   473.30
   93.00,   350.88,   598.30
   93.75,   476.11,   348.42
   92.97,   475.99,   473.41
   92.19,   475.87,   598.41
  220.36,   226.92,   348.97
  219.58,   226.80,   473.97
  218.80,   226.69,   598.96
  219.55,   351.92,   349.08
  218.77,   351.80,   474.08
  217.99,   351.68,   599.08
  218.74,   476.92,   349.20
  217.96,   476.80,   474.19
  217.19,   476.68,   599.19
  345.35,   227.73,   349.75
  344.57,   227.61,   474.75
  343.79,   227.49,   599.74
  344.54,   352.73,   349.86
  343.77,   352.61,   474.86
  342.99,   352.49,   599.86
  343.74,   477.72,   349.97
  342.96,   477.61,   474.97
  342.18,   477.49,   599.97
  105.24,   219.04,   473.79
  102.47,   218.40,   598.76
   99.70,   217.76,   723.73
  107.65,   344.02,   474.49
  104.89,   343.38,   599.45
  102.12,   342.74,   724.42
  110.07,   468.99,   475.18
  107.31,   468.35,   600.15
  104.54,   467.71,   725.11
  230.18,   216.61,   476.55
  227.41,   215.97,   601.51
  224.65,   215.33,   726.48
  232.60,   341.58,   477.24
  229.83,   340.94,   602.21
  227.07,   340.30,   727.18
  235.02,   466.56,   477.93
  232.25,   465.92,   602.90
  229.49,   465.28,   727.87
  355.13,   214.17,   479.30
  352.36,   213.53,   604.27
  349.59,   212.89,   729.24
  357.55,   339.15,   479.99
  354.78,   338.51,   604.96
  352.01,   337.87,   729.93
  359.97,   464.12,   480.69
  357.20,   463.48,   605.65
  354.43,   462.84,   730.62
   89.46,   228.88,   598.97
   90.39,   226.93,   723.95
   91.33,   224.99,   848.93
   85.64,   353.81,   600.94
   86.58,   351.86,   725.92
   87.51,   349.92,   850.90
   81.82,   478.73,   602.91
   82.76,   476.79,   727.89
   83.69,   474.84,   852.87
  214.40,   232.71,   598.09
  215.33,   230.77,   723.07
  216.27,   228.82,   848.05
  210.58,   357.64,   600.06
  211.51,   355.69,   725.04
  212.45,   353.75,   850.02
  206.76,   482.56,   602.03
  207.70,   480.62,   727.02
  208.63,   478.67,   852.00
  339.33,   236.55,   597.21
  340.27,   234.60,   722.19
  341.21,   232.66,   847.17
  335.52,   361.47,   599.18
  336.45,   359.53,   724.17
  337.39,   357.58,   849.15
  331.70,   486.40,   601.16
  332.63,   484.45,   726.14
  333.57,   482.51,   851.12
   94.29,   353.69,    99.17
   92.41,   349.62,   224.09
   90.53,   345.55,   349.01
   91.12,   478.59,   103.19
   89.24,   474.52,   228.11
   87.36,   470.45,   353.03
   87.95,   603.48,   107.21
   86.07,   599.41,   232.13
   84.19,   595.34,   357.05
  219.24,   356.80,   101.15
  217.36,   352.73,   226.07
  215.48,   348.66,   350.99
  216.07,   481.69,   105.17
  214.19,   477.62,   230.09
  212.31,   473.55,   355.01
  212.89,   606.59,   109.19
  211.02,   602.52,   234.11
  209.14,   598.45,   359.03
  344.18,   359.91,   103.13
  342.30,   355.84,   228.05
  340.42,   351.77,   352.97
  341.01,   484.80,   107.15
  339.13,   480.73,   232.07
  337.25,   476.66,   356.99
  337.84,   609.70,   111.17
  335.96,   605.63,   236.09
  334.08,   601.56,   361.01
   96.61,   348.07,   224.61
   96.58,   344.86,   349.57
   96.55,   341.65,   474.53
   95.26,   473.02,   227.82
   95.23,   469.81,   352.78
   95.19,   466.60,   477.74
   93.91,   597.97,   231.03
   93.88,   594.76,   355.99
   93.84,   591.55,   480.95
  221.61,   349.42,   224.68
  221.57,   346.21,   349.64
  221.54,   343.00,   474.60
  220.26,   474.37,   227.89
  220.22,   471.16,   352.85
  220.19,   467.95,   477.81
  218.90,   599.32,   231.10
  218.87,   596.11,   356.06
  218.84,   592.90,   481.02
  346.60,   350.77,   224.75
  346.57,   347.56,   349.71
  346.53,   344.35,   474.67
  345.25,   475.72,   227.96
  345.21,   472.51,   352.92
  345.18,   469.30,   477.88
  343.90,   600.67,   231.17
  343.86,   597.46,   356.13
  343.83,   594.25,   481.08
   98.31,   353.50,   352.37
   96.16,   351.10,   477.33
   94.01,   348.70,   602.29
   97.69,   478.48,   354.77
   95.54,   476.08,   479.73
   93.39,   473.67,   604.68
   97.08,   603.46,   357.16
   94.92,   601.05,   482.12
   92.77,   598.65,   607.08
  223.29,   354.08,   354.54
  221.14,   351.68,   479.50
  218.99,   349.27,   604.45
  222.67,   479.06,   356.93
  220.52,   476.65,   481.89
  218.37,   474.25,   606.85
  222.06,   604.03,   359.32
  219.90,   601.63,   484.28
  217.75,   599.22,   609.24
  348.27,   354.66,   356.70
  346.12,   352.25,   481.66
  343.97,   349.85,   606.62
  347.65,   479.63,   359.09
  345.50,   477.23,   484.05
  343.35,   474.83,   609.01
  347.04,   604.61,   361.49
  344.88,   602.20,   486.45
  342.73,   599.80,   611.40
   91.20,   354.76,   476.88
   91.32,   351.36,   601.83
   91.44,   347.97,   726.78
   88.20,   479.67,   480.27
   88.32,   476.28,   605.22
   88.44,   472.89,   730.18
   85.20,   604.59,   483.66
   85.32,   601.20,   608.62
   85.44,   597.81,   733.57
  216.17,   357.76,   476.84
  216.29,   354.37,   601.79
  216.41,   350.98,   726.74
  213.16,   482.68,   480.23
  213.29,   479.29,   605.19
  213.41,   475.89,   730.14
  210.16,   607.60,   483.63
  210.28,   604.20,   608.58
  210.40,   600.81,   733.53
  341.13,   360.76,   476.80
  341.25,   357.37,   601.75
  341.37,   353.98,   726.71
  338.13,   485.68,   480.19
  338.25,   482.29,   605.15
  338.37,   478.90,   730.10
  335.13,   610.60,   483.59
  335.25,   607.21,   608.54
  335.37,   603.82,   733.49
   88.30,   349.27,   599.98
   86.80,   350.33,   724.97
   85.31,   351.39,   849.95
   86.64,   474.25,   598.90
   85.15,   475.31,   723.89
   83.65,   476.37,   848.88
   84.98,   599.24,   597.83
   83.49,   600.30,   722.81
   81.99,   601.36,   847.80
  213.28,   350.94,   601.46
  211.78,   352.00,   726.45
  210.29,   353.06,   851.43
  211.62,   475.93,   600.38
  210.13,   476.98,   725.37
  208.63,   478.04,   850.36
  209.96,   600.91,   599.30
  208.47,   601.97,   724.29
  206.97,   603.03,   849.28
  338.26,   352.61,   602.94
  336.76,   353.67,   727.93
  335.27,   354.73,   852.91
  336.60,   477.60,   601.86
  335.11,   478.66,   726.85
  333.61,   479.71,   851.83
  334.94,   602.58,   600.78
  333.45,   603.64,   725.77
  331.95,   604.70,   850.76
  112.22,   463.82,    97.49
  111.16,   461.25,   222.45
  110.11,   458.67,   347.42
  112.97,   588.79,   100.07
  111.92,   586.22,   225.04
  110.87,   583.64,   350.01
  113.73,   713.77,   102.65
  112.68,   711.19,   227.62
  111.63,   708.61,   352.59
  237.21,   463.04,    98.52
  236.16,   460.47,   223.49
  235.11,   457.89,   348.46
  237.97,   588.01,   101.10
  236.92,   585.44,   226.07
  235.86,   582.86,   351.04
  238.73,   712.99,   103.68
  237.67,   710.41,   228.65
  236.62,   707.83,   353.62
  362.20,   462.26,    99.56
  361.15,   459.69,   224.53
  360.10,   457.11,   349.49
  362.96,   587.23,   102.14
  361.91,   584.66,   227.11
  360.86,   582.08,   352.08
  363.72,   712.20,   104.72
  362.67,   709.63,   229.69
  361.62,   707.05,   354.66
  108.88,   470.75,   224.17
  108.05,   472.69,   349.15
  107.22,   474.64,   474.13
  111.31,   595.71,   222.24
  110.48,   597.66,   347.22
  109.65,   599.60,   472.20
  113.74,   720.67,   220.31
  112.91,   722.62,   345.29
  112.08,   724.57,   470.27
  233.85,   468.33,   225.04
  233.02,   470.28,   350.02
  232.19,   472.23,   475.00
  236.28,   593.29,   223.10
  235.45,   595.24,   348.09
  234.62,   597.19,   473.07
  238.71,   718.25,   221.17
  237.88,   720.20,   346.15
  237.05,   722.15,   471.14
  358.82,   465.91,   225.90
  357.99,   467.86,   350.89
  357.16,   469.81,   475.87
  361.25,   590.87,   223.97
  360.42,   592.82,   348.95
  359.59,   594.77,   473.94
  363.68,   715.83,   222.04
  362.85,   717.78,   347.02
  362.02,   719.73,   472.00
  109.60,   477.52,   350.55
  111.35,   478.15,   475.54
  113.09,   478.79,   600.52
  108.59,   602.52,   349.93
  110.33,   603.15,   474.92
  112.08,   603.78,   599.91
  107.58,   727.51,   349.32
  109.32,   728.14,   474.30
  111.07,   728.78,   599.29
  234.59,   478.53,   348.80
  236.33,   479.16,   473.79
  238.07,   479.79,   598.78
  233.57,   603.52,   348.19
  235.32,   604.15,   473.17
  237.06,   604.78,   598.16
  232.56,   728.51,   347.57
  234.31,   729.15,   472.55
  236.05,   729.78,   597.54
  359.57,   479.53,   347.05
  361.31,   480.16,   472.04
  363.06,   480.79,   597.03
  358.56,   604.52,   346.44
  360.30,   605.16,   471.42
  362.05,   605.79,   596.41
  357.55,   729.52,   345.82
  359.29,   730.15,   470.80
  361.03,   730.78,   595.79
  107.06,   471.67,   474.77
  103.86,   475.61,   599.67
  100.67,   479.54,   724.56
  110.56,   596.56,   470.92
  107.37,   600.50,   595.82
  104.17,   604.44,   720.72
  114.07,   721.45,   467.07
  110.87,   725.39,   591.97
  107.68,   729.33,   716.87
  231.97,   468.26,   478.07
  228.77,   472.20,   602.97
  225.58,   476.14,   727.87
  235.47,   593.15,   474.22
  232.28,   597.09,   599.12
  229.08,   601.03,   724.02
  238.98,   718.05,   470.37
  235.78,   721.98,   595.27
  232.59,   725.92,   720.17
  356.88,   464.86,   481.38
  353.68,   468.80,   606.27
  350.49,   472.74,   731.17
  360.38,   589.75,   477.53
  357.19,   593.69,   602.42
  353.99,   597.63,   727.32
  363.89,   714.64,   473.68
  360.69,   718.58,   598.57
  357.50,   722.52,   723.47
  104.61,   478.53,   604.45
  108.28,   474.15,   729.32
  111.95,   469.76,   854.19
  103.26,   603.45,   608.88
  106.94,   599.06,   733.75
  110.61,   594.68,   858.62
  101.92,   728.36,   613.30
  105.59,   723.98,   738.17
  109.26,   719.59,   863.04
  229.54,   480.00,   600.83
  233.21,   475.62,   725.70
  236.89,   471.23,   850.57
  228.20,   604.92,   605.26
  231.87,   600.53,   730.13
  235.54,   596.15,   854.99
  226.86,   729.83,   609.68
  230.53,   725.45,   734.55
  234.20,   721.06,   859.42
  354.48,   481.47,   597.21
  358.15,   477.09,   722.08
  361.82,   472.70,   846.95
  353.14,   606.39,   601.64
  356.81,   602.00,   726.50
  360.48,   597.62,   851.37
  351.80,   731.30,   606.06
  355.47,   726.92,   730.93
  359.14,   722.53,   855.80
  106.75,   596.24,   100.14
  107.32,   595.26,   225.13
  107.88,   594.27,   350.13
  108.64,   721.23,   101.12
  109.21,   720.24,   226.11
  109.78,   719.26,   351.11
  110.54,   846.21,   102.09
  111.11,   845.22,   227.09
  111.67,   844.24,   352.08
  231.73,   594.35,    99.56
  232.30,   593.37,   224.55
  232.87,   592.38,   349.54
  233.63,   719.34,   100.53
  234.19,   718.35,   225.53
  234.76,   717.37,   350.52
  235.52,   844.32,   101.51
  236.09,   843.33,   226.50
  236.66,   842.35,   351.50
  356.71,   592.46,    98.97
  357.28,   591.48,   223.97
  357.85,   590.49,   348.96
  358.61,   717.45,    99.95
  359.18,   716.46,   224.94
  359.75,   715.47,   349.94
  360.50,   842.43,   100.92
  361.07,   841.44,   225.92
  361.64,   840.46,   350.91
  101.92,   586.29,   219.00
  102.94,   590.02,   343.94
  103.95,   593.75,   468.88
  100.18,   711.23,   215.29
  101.19,   714.95,   340.23
  102.21,   718.68,   465.17
   98.44,   836.16,   211.57
   99.45,   839.89,   336.51
  100.47,   843.61,   461.45
  226.91,   588.00,   217.93
  227.92,   591.73,   342.87
  228.93,   595.46,   467.81
  225.16,   712.94,   214.22
  226.18,   716.67,   339.16
  227.19,   720.39,   464.10
  223.42,   837.87,   210.51
  224.44,   841.60,   335.45
  225.45,   845.33,   460.39
  351.89,   589.72,   216.87
  352.90,   593.44,   341.81
  353.92,   597.17,   466.75
  350.15,   714.65,   213.16
  351.16,   718.38,   338.10
  352.17,   722.10,   463.04
  348.41,   839.58,   209.44
  349.42,   843.31,   334.38
  350.43,   847.04,   459.32
  105.36,   605.14,   355.43
  101.28,   607.62,   480.34
   97.21,   610.11,   605.25
  107.02,   730.11,   353.00
  102.95,   732.59,   477.91
   98.88,   735.07,   602.82
  108.68,   855.07,   350.57
  104.61,   857.55,   475.48
  100.54,   860.04,   600.39
  230.28,   603.56,   359.53
  226.21,   606.04,   484.44
  222.13,   608.52,   609.35
  231.94,   728.52,   357.10
  227.87,   731.01,   482.01
  223.80,   733.49,   606.92
  233.61,   853.49,   354.68
  229.53,   855.97,   479.58
  225.46,   858.45,   604.49
  355.20,   601.98,   363.64
  351.13,   604.46,   488.55
  347.06,   606.94,   613.46
  356.87,   726.94,   361.21
  352.79,   729.42,   486.12
  348.72,   731.90,   611.03
  358.53,   851.91,   358.78
  354.46,   854.39,   483.69
  350.38,   856.87,   608.60
  104.44,   596.20,   474.16
  105.85,   598.75,   599.13
  107.25,   601.30,   724.09
  102.43,   721.16,   471.63
  103.83,   723.71,   596.60
  105.24,   726.26,   721.56
  100.42,   846.12,   469.10
  101.82,   848.67,   594.06
  103.23,   851.22,   719.03
  229.42,   598.18,   472.72
  230.82,   600.73,   597.68
  232.23,   603.29,   722.65
  227.41,   723.14,   470.19
  228.81,   725.69,   595.15
  230.21,   728.25,   720.12
  225.40,   848.10,   467.66
  226.80,   850.65,   592.62
  228.20,   853.20,   717.59
  354.40,   600.16,   471.27
  355.80,   602.72,   596.24
  357.20,   605.27,   721.20
  352.38,   725.12,   468.74
  353.79,   727.68,   593.71
  355.19,   730.23,   718.67
  350.37,   850.08,   466.21
  351.77,   852.63,   591.18
  353.18,   855.19,   716.14
   98.01,   590.48,   595.86
  100.48,   588.79,   720.82
  102.95,   587.09,   845.79
   99.67,   715.45,   597.52
  102.15,   713.76,   722.48
  104.62,   712.07,   847.45
  101.34,   840.43,   599.18
  103.82,   838.74,   724.14
  106.29,   837.05,   849.10
  222.97,   588.84,   593.37
  225.44,   587.15,   718.33
  227.91,   585.46,   843.29
  224.64,   713.82,   595.02
  227.11,   712.13,   719.99
  229.58,   710.44,   844.95
  226.31,   838.80,   596.68
  228.78,   837.11,   721.65
  231.25,   835.41,   846.61
  347.93,   587.20,   590.87
  350.41,   585.51,   715.84
  352.88,   583.82,   840.80
  349.60,   712.18,   592.53
  352.08,   710.49,   717.49
  354.55,   708.80,   842.46
  351.27,   837.16,   594.19
  353.74,   835.47,   719.15
  356.22,   833.78,   844.11
  216.13,   106.83,    99.52
  213.67,   108.90,   224.48
  211.22,   110.97,   349.44
  217.93,   231.80,    97.48
  215.48,   233.87,   222.44
  213.02,   235.94,   347.40
  219.73,   356.77,    95.45
  217.28,   358.84,   220.41
  214.82,   360.91,   345.36
  341.09,   105.07,   102.00
  338.63,   107.14,   226.96
  336.18,   109.21,   351.92
  342.89,   230.04,    99.97
  340.44,   232.11,   224.93
  337.98,   234.18,   349.88
  344.70,   355.01,    97.93
  342.24,   357.08,   222.89
  339.79,   359.15,   347.85
  466.05,   103.31,   104.49
  463.60,   105.38,   229.44
  461.14,   107.45,   354.40
  467.86,   228.28,   102.45
  465.40,   230.35,   227.41
  462.95,   232.42,   352.37
  469.66,   353.25,   100.41
  467.20,   355.32,   225.37
  464.75,   357.39,   350.33
  233.15,   113.47,   227.09
  234.14,   108.77,   352.00
  235.13,   104.07,   476.91
  230.46,   238.35,   231.81
  231.45,   233.65,   356.72
  232.44,   228.96,   481.62
  227.78,   363.23,   236.52
  228.77,   358.53,   361.43
  229.76,   353.84,   486.34
  358.11,   116.18,   226.21
  359.10,   111.49,   351.11
  360.09,   106.79,   476.02
  355.43,   241.07,   230.92
  356.42,   236.37,   355.83
  357.41,   231.67,   480.74
  352.75,   365.95,   235.64
  353.74,   361.25,   360.55
  354.73,   356.56,   485.45
  483.08,   118.90,   225.32
  484.07,   114.21,   350.23
  485.06,   109.51,   475.13
  480.40,   243.78,   230.03
  481.39,   239.09,   354.94
  482.38,   234.39,   479.85
  477.72,   368.67,   234.75
  478.71,   363.97,   359.66
  479.70,   359.27,   484.57
  223.54,    99.81,   348.88
  223.69,    99.06,   473.87
  223.84,    98.32,   598.87
  226.64,   224.77,   349.62
  226.79,   224.02,   474.62
  226.94,   223.28,   599.61
  229.74,   349.73,   350.36
  229.89,   348.98,   475.36
  230.04,   348.24,   600.36
  348.50,    96.71,   348.71
  348.65,    95.96,   473.71
  348.80,    95.22,   598.71
  351.60,   221.67,   349.45
  351.75,   220.92,   474.45
  351.90,   220.18,   599.45
  354.70,   346.63,   350.19
  354.85,   345.88,   475.19
  355.00,   345.14,   600.19
  473.46,    93.61,   348.54
  473.61,    92.86,   473.54
  473.76,    92.12,   598.54
  476.56,   218.57,   349.29
  476.71,   217.82,   474.28
  476.86,   217.08,   599.28
  479.66,   343.53,   350.03
  479.81,   342.78,   475.02
  479.96,   342.04,   600.02
  231.99,    89.86,   475.78
  229.15,    93.37,   600.69
  226.32,    96.88,   725.61
  231.42,   214.81,   472.25
  228.58,   218.32,   597.17
  225.74,   221.83,   722.09
  230.85,   339.76,   468.72
  228.01,   343.27,   593.64
  225.17,   346.78,   718.56
  356.96,    90.51,   478.60
  354.12,    94.02,   603.51
  351.28,    97.54,   728.43
  356.39,   215.46,   475.07
  353.55,   218.97,   599.99
  350.71,   222.48,   724.91
  355.81,   340.41,   471.54
  352.98,   343.92,   596.46
  350.14,   347.43,   721.38
  481.92,    91.16,   481.42
  479.09,    94.67,   606.34
  476.25,    98.19,   731.25
  481.35,   216.11,   477.89
  478.51,   219.62,   602.81
  475.68,   223.14,   727.73
  480.78,   341.06,   474.36
  477.94,   344.57,   599.28
  475.10,   348.08,   724.20
  222.05,    95.02,   599.05
  220.20,    92.82,   724.02
  218.35,    90.62,   848.98
  218.98,   219.96,   601.20
  217.13,   217.76,   726.17
  215.28,   215.56,   851.14
  215.90,   344.90,   603.36
  214.05,   342.71,   728.32
  212.20,   340.51,   853.29
  347.00,    98.06,   600.95
  345.15,    95.86,   725.92
  343.30,    93.66,   850.89
  343.93,   223.00,   603.10
  342.08,   220.80,   728.07
  340.23,   218.61,   853.04
  340.85,   347.95,   605.26
  339.00,   345.75,   730.22
  337.15,   343.55,   855.19
  471.95,   101.10,   602.85
  470.10,    98.90,   727.82
  468.25,    96.70,   852.79
  468.87,   226.05,   605.01
  467.03,   223.85,   729.97
  465.18,   221.65,   854.94
  465.80,   350.99,   607.16
  463.95,   348.79,   732.13
  462.10,   346.59,   857.09
  217.27,   231.57,   101.11
  214.51,   234.63,   226.04
  211.75,   237.68,   350.97
  220.48,   356.50,    98.13
  217.72,   359.55,   223.06
  214.97,   362.61,   347.99
  223.69,   481.42,    95.14
  220.94,   484.47,   220.07
  218.18,   487.53,   345.01
  342.20,   228.43,   103.94
  339.44,   231.48,   228.88
  336.68,   234.54,   353.81
  345.41,   353.35,   100.96
  342.65,   356.41,   225.89
  339.89,   359.46,   350.83
  348.62,   478.28,    97.98
  345.86,   481.33,   222.91
  343.11,   484.39,   347.84
  467.13,   225.28,   106.78
  464.37,   228.34,   231.71
  461.61,   231.39,   356.64
  470.34,   350.21,   103.80
  467.58,   353.26,   228.73
  464.82,   356.32,   353.66
  473.55,   475.13,   100.81
  470.79,   478.19,   225.74
  468.03,   481.24,   350.68
  218.79,   219.58,   221.93
  220.87,   216.63,   346.88
  222.96,   213.68,   471.83
  219.54,   344.54,   224.87
  221.62,   341.59,   349.82
  223.71,   338.64,   474.77
  220.29,   469.51,   227.81
  222.37,   466.56,   352.76
  224.46,   463.61,   477.70
  343.77,   218.88,   219.83
  345.85,   215.93,   344.78
  347.94,   212.98,   469.73
  344.52,   343.84,   222.77
  346.60,   340.89,   347.72
  348.69,   337.94,   472.66
  345.27,   468.80,   225.71
  347.35,   465.85,   350.65
  349.44,   462.90,   475.60
  468.75,   218.18,   217.73
  470.84,   215.23,   342.68
  472.92,   212.28,   467.63
  469.50,   343.14,   220.67
  471.59,   340.19,   345.62
  473.67,   337.24,   470.56
  470.25,   468.10,   223.61
  472.34,   465.15,   348.55
  474.42,   462.20,   473.50
  225.07,   216.45,   347.06
  224.32,   214.87,   472.05
  223.57,   213.29,   597.04
  229.14,   341.37,   348.67
  228.39,   339.79,   473.65
  227.65,   338.21,   598.64
  233.22,   466.30,   350.27
  232.47,   464.72,   475.26
  231.72,   463.13,   600.25
  350.00,   212.37,   347.76
  349.26,   210.79,   472.75
  348.51,   209.21,   597.73
  354.08,   337.29,   349.36
  353.33,   335.71,   474.35
  352.58,   334.13,   599.34
  358.15,   462.22,   350.97
  357.40,   460.64,   475.96
  356.65,   459.05,   600.95
  474.94,   208.29,   348.46
  474.19,   206.71,   473.44
  473.44,   205.13,   598.43
  479.01,   333.21,   350.06
  478.26,   331.63,   475.05
  477.51,   330.05,   600.04
  483.08,   458.14,   351.67
  482.33,   456.56,   476.66
  481.58,   454.97,   601.64
  225.97,   224.63,   476.94
  228.10,   222.14,   601.89
  230.23,   219.65,   726.85
  226.15,   349.61,   479.42
  228.28,   347.12,   604.38
  230.41,   344.63,   729.34
  226.33,   474.58,   481.91
  228.46,   472.09,   606.87
  230.59,   469.60,   731.82
  350.95,   224.49,   474.80
  353.08,   222.00,   599.76
  355.21,   219.51,   724.72
  351.13,   349.47,   477.29
  353.26,   346.98,   602.25
  355.39,   344.49,   727.20
  351.31,   474.44,   479.77
  353.44,   471.95,   604.73
  355.57,   469.47,   729.69
  475.93,   224.35,   472.67
  478.06,   221.86,   597.62
  480.19,   219.38,   722.58
  476.11,   349.33,   475.15
  478.24,   346.84,   600.11
  480.37,   344.35,   725.07
  476.29,   474.30,   477.64
  478.42,   471.81,   602.60
  480.55,   469.33,   727.55
  222.70,   221.83,   598.76
  226.03,   225.84,   723.65
  229.36,   229.85,   848.55
  224.41,   346.75,   594.70
  227.74,   350.76,   719.59
  231.07,   354.78,   844.49
  226.13,   471.67,   590.64
  229.46,   475.68,   715.53
  232.79,   479.70,   840.42
  347.64,   220.00,   595.49
  350.97,   224.02,   720.38
  354.30,   228.03,   845.27
  349.35,   344.93,   591.43
  352.69,   348.94,   716.32
  356.02,   352.95,   841.21
  351.07,   469.85,   587.37
  354.40,   473.86,   712.26
  357.73,   477.88,   837.15
  472.58,   218.18,   592.22
  475.91,   222.20,   717.11
  479.24,   226.21,   842.00
  474.30,   343.10,   588.16
  477.63,   347.12,   713.05
  480.96,   351.13,   837.94
  476.01,   468.03,   584.10
  479.34,   472.04,   708.99
  482.67,   476.05,   833.88
  226.69,   364.88,   102.92
  229.88,   367.10,   227.86
  233.08,   369.32,   352.80
  228.53,   489.84,   100.66
  231.72,   492.06,   225.60
  234.91,   494.28,   350.54
  230.36,   614.81,    98.39
  233.56,   617.03,   223.33
  236.75,   619.25,   348.27
  351.63,   362.98,    99.76
  354.83,   365.20,   224.70
  358.02,   367.43,   349.64
  353.47,   487.95,    97.50
  356.66,   490.17,   222.44
  359.86,   492.39,   347.37
  355.31,   612.92,    95.23
  358.50,   615.14,   220.17
  361.70,   617.36,   345.11
  476.58,   361.09,    96.60
  479.77,   363.31,   221.54
  482.97,   365.53,   346.48
  478.42,   486.06,    94.34
  481.61,   488.28,   219.27
  484.80,   490.50,   344.21
  480.25,   611.02,    92.07
  483.45,   613.24,   217.01
  486.64,   615.46,   341.95
  226.37,   359.29,   226.20
  228.43,   356.64,   351.16
  230.48,   354.00,   476.11
  229.69,   484.21,   228.79
  231.75,   481.57,   353.75
  233.80,   478.93,   478.70
  233.01,   609.14,   231.38
  235.07,   606.50,   356.33
  237.12,   603.85,   481.29
  351.31,   356.01,   224.08
  353.36,   353.36,   349.03
  355.42,   350.72,   473.99
  354.63,   480.94,   226.67
  356.68,   478.29,   351.62
  358.74,   475.65,   476.58
  357.95,   605.87,   229.26
  360.00,   603.22,   354.21
  362.06,   600.58,   479.17
  476.25,   352.73,   221.95
  478.30,   350.09,   346.91
  480.36,   347.44,   471.86
  479.57,   477.66,   224.54
  481.62,   475.02,   349.50
  483.68,   472.37,   474.45
  482.89,   602.59,   227.13
  484.94,   599.95,   352.09
  487.00,   597.30,   477.04
  218.94,   344.64,   348.57
  219.10,   341.70,   473.54
  219.26,   338.77,   598.50
  216.27,   469.57,   351.51
  216.43,   466.64,   476.47
  216.59,   463.71,   601.44
  213.60,   594.51,   354.44
  213.76,   591.58,   479.41
  213.92,   588.64,   604.38
  343.91,   347.31,   348.48
  344.07,   344.38,   473.44
  344.23,   341.44,   598.41
  341.24,   472.25,   351.41
  341.40,   469.32,   476.38
  341.56,   466.38,   601.34
  338.57,   597.19,   354.35
  338.73,   594.25,   479.31
  338.89,   591.32,   604.28
  468.89,   349.99,   348.38
  469.04,   347.05,   473.35
  469.20,   344.12,   598.31
  466.21,   474.92,   351.32
  466.37,   471.99,   476.28
  466.53,   469.06,   601.25
  463.54,   599.86,   354.25
  463.70,   596.93,   479.22
  463.86,   593.99,   604.18
  219.17,   354.66,   475.94
  223.16,   350.46,   600.81
  227.15,   346.25,   725.67
  216.46,   479.55,   480.23
  220.45,   475.35,   605.10
  224.44,   471.15,   729.96
  213.74,   604.45,   484.52
  217.73,   600.25,   609.39
  221.73,   596.05,   734.25
  344.08,   357.51,   472.05
  348.07,   353.30,   596.91
  352.06,   349.10,   721.78
  341.36,   482.40,   476.33
  345.35,   478.20,   601.20
  349.35,   474.00,   726.07
  338.65,   607.30,   480.62
  342.64,   603.10,   605.49
  346.63,   598.90,   730.36
  468.98,   360.35,   468.15
  472.98,   356.15,   593.01
  476.97,   351.95,   717.88
  466.27,   485.25,   472.44
  470.26,   481.05,   597.30
  474.25,   476.85,   722.17
  463.55,   610.15,   476.73
  467.55,   605.95,   601.59
  471.54,   601.74,   726.46
  227.20,   349.49,   600.08
  225.83,   347.15,   725.05
  224.46,   344.81,   850.02
  226.96,   474.47,   602.41
  225.59,   472.13,   727.38
  224.22,   469.79,   852.35
  226.72,   599.45,   604.75
  225.35,   597.11,   729.72
  223.98,   594.77,   854.69
  352.19,   349.70,   601.45
  350.82,   347.36,   726.42
  349.45,   345.03,   851.39
  351.95,   474.68,   603.79
  350.58,   472.34,   728.76
  349.21,   470.00,   853.73
  351.72,   599.66,   606.12
  350.34,   597.32,   731.09
  348.97,   594.98,   856.07
  477.18,   349.92,   602.83
  475.81,   347.58,   727.80
  474.44,   345.24,   852.77
  476.95,   474.89,   605.17
  475.57,   472.56,   730.14
  474.20,   470.22,   855.11
  476.71,   599.87,   607.50
  475.34,   597.53,   732.47
  473.96,   595.20,   857.44
  234.50,   461.34,    98.28
  230.38,   463.99,   223.18
  226.25,   466.65,   348.09
  231.65,   586.27,    95.53
  227.52,   588.93,   220.43
  223.40,   591.59,   345.34
  228.80,   711.21,    92.78
  224.67,   713.87,   217.68
  220.54,   716.53,   342.58
  359.40,   464.28,   102.34
  355.28,   466.94,   227.25
  351.15,   469.59,   352.15
  356.55,   589.22,    99.59
  352.42,   591.87,   224.50
  348.30,   594.53,   349.40
  353.69,   714.15,    96.84
  349.57,   716.81,   221.74
  345.44,   719.47,   346.65
  484.30,   467.22,   106.41
  480.18,   469.88,   231.31
  476.05,   472.54,   356.22
  481.45,   592.16,   103.66
  477.32,   594.82,   228.56
  473.20,   597.47,   353.46
  478.59,   717.10,   100.90
  474.47,   719.75,   225.81
  470.34,   722.41,   350.71
  227.05,   484.39,   227.37
  225.38,   483.11,   352.35
  223.71,   481.83,   477.34
  225.40,   609.37,   228.63
  223.73,   608.09,   353.61
  222.06,   606.81,   478.59
  223.75,   734.35,   229.89
  222.08,   733.07,   354.87
  220.41,   731.80,   479.85
  352.03,   486.03,   229.06
  350.36,   484.75,   354.04
  348.69,   483.47,   479.02
  350.38,   611.01,   230.31
  348.71,   609.73,   355.30
  347.04,   608.45,   480.28
  348.72,   735.99,   231.57
  347.05,   734.71,   356.55
  345.39,   733.43,   481.54
  477.01,   487.66,   230.74
  475.34,   486.38,   355.73
  473.67,   485.10,   480.71
  475.35,   612.64,   232.00
  473.69,   611.37,   356.98
  472.02,   610.09,   481.97
  473.70,   737.63,   233.26
  472.03,   736.35,   358.24
  470.36,   735.07,   483.22
  221.35,   485.48,   351.23
  222.25,   484.10,   476.22
  223.14,   482.72,   601.21
  221.69,   610.47,   352.61
  222.58,   609.09,   477.60
  223.48,   607.71,   602.59
  222.02,   735.46,   353.99
  222.92,   734.08,   478.98
  223.81,   732.70,   603.97
  346.35,   485.16,   350.34
  347.25,   483.77,   475.32
  348.14,   482.39,   600.31
  346.68,   610.15,   351.71
  347.58,   608.77,   476.70
  348.47,   607.39,   601.69
  347.02,   735.14,   353.09
  347.91,   733.76,   478.08
  348.81,   732.38,   603.07
  471.35,   484.83,   349.44
  472.24,   483.45,   474.43
  473.14,   482.07,   599.42
  471.68,   609.82,   350.82
  472.58,   608.44,   475.80
  473.47,   607.06,   600.79
  472.01,   734.82,   352.19
  472.91,   733.43,   477.18
  473.80,   732.05,   602.17
  225.95,   470.27,   473.09
  228.14,   468.46,   598.06
  230.33,   466.64,   723.03
  229.70,   595.20,   474.84
  231.89,   593.39,   599.81
  234.08,   591.57,   724.78
  233.45,   720.13,   476.59
  235.64,   718.32,   601.56
  237.83,   716.50,   726.53
  350.88,   466.56,   470.85
  353.07,   464.74,   595.82
  355.26,   462.92,   720.78
  354.62,   591.49,   472.60
  356.82,   589.67,   597.57
  359.01,   587.86,   722.53
  358.37,   716.42,   474.35
  360.56,   714.60,   599.32
  362.75,   712.79,   724.28
  475.80,   462.84,   468.61
  477.99,   461.03,   593.57
  480.18,   459.21,   718.54
  479.55,   587.77,   470.36
  481.74,   585.96,   595.32
  483.93,   584.14,   720.29
  483.30,   712.71,   472.11
  485.49,   710.89,   597.07
  487.68,   709.07,   722.04
  228.95,   482.96,   605.20
  230.03,   485.33,   730.17
  231.11,   487.69,   855.15
  230.52,   607.93,   602.82
  231.60,   610.29,   727.79
  232.68,   612.66,   852.77
  232.08,   732.90,   600.44
  233.17,   735.26,   725.42
  234.25,   737.63,   850.39
  353.94,   481.37,   604.15
  355.02,   483.74,   729.12
  356.10,   486.10,   854.09
  355.50,   606.34,   601.77
  356.58,   608.70,   726.74
  357.67,   611.07,   851.72
  357.07,   731.31,   599.39
  358.15,   733.67,   724.37
  359.23,   736.04,   849.34
  478.92,   479.78,   603.10
  480.00,   482.15,   728.07
  481.08,   484.51,   853.04
  480.49,   604.75,   600.72
  481.57,   607.12,   725.69
  482.65,   609.48,   850.66
  482.06,   729.72,   598.34
  483.14,   732.08,   723.31
  484.22,   734.45,   848.29
  232.11,   590.44,    99.48
  228.23,   591.09,   224.41
  224.34,   591.75,   349.35
  229.97,   715.42,    98.75
  226.09,   716.07,   223.69
  222.21,   716.73,   348.63
  227.83,   840.39,    98.03
  223.95,   841.05,   222.97
  220.07,   841.71,   347.91
  357.03,   592.59,   103.34
  353.15,   593.25,   228.28
  349.27,   593.91,   353.22
  354.89,   717.57,   102.62
  351.01,   718.23,   227.56
  347.13,   718.89,   352.50
  352.75,   842.55,   101.90
  348.87,   843.21,   226.84
  344.99,   843.87,   351.77
  481.95,   594.75,   107.21
  478.07,   595.41,   232.15
  474.19,   596.07,   357.09
  479.81,   719.73,   106.49
  475.93,   720.39,   231.43
  472.05,   721.05,   356.37
  477.67,   844.71,   105.77
  473.79,   845.37,   230.71
  469.91,   846.03,   355.64
  227.17,   594.29,   222.89
  228.70,   596.32,   347.86
  230.24,   598.35,   472.84
  230.06,   719.24,   220.83
  231.59,   721.27,   345.80
  233.13,   723.30,   470.77
  232.95,   844.19,   218.76
  234.48,   846.22,   343.74
  236.01,   848.24,   468.71
  352.13,   591.38,   221.40
  353.66,   593.40,   346.38
  355.19,   595.43,   471.35
  355.01,   716.33,   219.34
  356.55,   718.35,   344.31
  358.08,   720.38,   469.29
  357.90,   841.28,   217.28
  359.44,   843.30,   342.25
  360.97,   845.33,   467.22
  477.08,   588.46,   219.92
  478.62,   590.49,   344.89
  480.15,   592.52,   469.86
  479.97,   713.41,   217.85
  481.51,   715.44,   342.83
  483.04,   717.47,   467.80
  482.86,   838.36,   215.79
  484.39,   840.39,   340.76
  485.93,   842.42,   465.74
  223.44,   606.95,   351.86
  223.38,   608.88,   476.84
  223.32,   610.81,   601.83
  223.94,   731.93,   349.93
  223.88,   733.86,   474.91
  223.82,   735.79,   599.90
  224.43,   856.92,   348.00
  224.37,   858.85,   472.98
  224.31,   860.78,   597.97
  348.44,   606.45,   351.92
  348.38,   608.38,   476.91
  348.32,   610.31,   601.89
  348.94,   731.44,   349.99
  348.88,   733.37,   474.98
  348.82,   735.30,   599.96
  349.43,   856.42,   348.06
  349.37,   858.35,   473.05
  349.31,   860.28,   598.03
  473.44,   605.96,   351.99
  473.38,   607.89,   476.98
  473.32,   609.82,   601.96
  473.94,   730.94,   350.06
  473.88,   732.87,   475.05
  473.82,   734.80,   600.03
  474.43,   855.93,   348.13
  474.37,   857.86,   473.12
  474.31,   859.79,   598.10
  222.81,   593.23,   468.54
  222.30,   594.63,   593.53
  221.79,   596.02,   718.52
  222.13,   718.22,   467.14
  221.62,   719.62,   592.14
  221.11,   721.01,   717.13
  221.44,   843.21,   465.75
  220.93,   844.61,   590.74
  220.42,   846.00,   715.73
  347.81,   593.92,   469.05
  347.30,   595.32,   594.04
  346.79,   596.72,   719.03
  347.12,   718.92,   467.65
  346.61,   720.31,   592.64
  346.10,   721.71,   717.63
  346.44,   843.91,   466.25
  345.93,   845.30,   591.24
  345.42,   846.70,   716.23
  472.81,   594.62,   469.55
  472.30,   596.01,   594.54
  471.79,   597.41,   719.53
  472.12,   719.61,   468.15
  471.61,   721.00,   593.14
  471.10,   722.40,   718.13
  471.43,   844.60,   466.75
  470.92,   845.99,   591.74
  470.41,   847.39,   716.74
  228.00,   592.66,   597.39
  226.23,   591.78,   722.37
  224.46,   590.90,   847.36
  227.21,   717.65,   598.25
  225.44,   716.77,   723.24
  223.67,   715.89,   848.22
  226.43,   842.64,   599.12
  224.66,   841.77,   724.11
  222.89,   840.89,   849.09
  352.98,   593.43,   599.16
  351.21,   592.55,   724.15
  349.44,   591.67,   849.13
  352.20,   718.42,   600.03
  350.43,   717.54,   725.02
  348.66,   716.67,   850.00
  351.41,   843.42,   600.90
  349.64,   842.54,   725.88
  347.87,   841.66,   850.87
  477.97,   594.20,   600.94
  476.20,   593.32,   725.93
  474.43,   592.44,   850.91
  477.18,   719.19,   601.81
  475.41,   718.32,   726.79
  473.64,   717.44,   851.78
  476.40,   844.19,   602.68
  474.63,   843.31,   727.66
  472.86,   842.43,   852.64
  343.13,   102.83,    97.69
  344.42,   101.58,   222.68
  345.71,   100.33,   347.66
  343.22,   227.82,    98.94
  344.51,   226.57,   223.92
  345.80,   225.33,   348.91
  343.31,   352.82,   100.18
  344.60,   351.57,   225.17
  345.88,   350.32,   350.16
  468.13,   102.75,    96.40
  469.41,   101.50,   221.39
  470.70,   100.26,   346.38
  468.22,   227.75,    97.65
  469.50,   226.50,   222.64
  470.79,   225.25,   347.62
  468.31,   352.74,    98.90
  469.59,   351.49,   223.88
  470.88,   350.24,   348.87
  593.12,   102.68,    95.12
  594.41,   101.43,   220.10
  595.69,   100.18,   345.09
  593.21,   227.67,    96.36
  594.50,   226.42,   221.35
  595.78,   225.17,   346.34
  593.30,   352.66,    97.61
  594.59,   351.41,   222.60
  595.87,   350.17,   347.59
  345.52,   112.54,   225.61
  345.51,   112.41,   350.61
  345.51,   112.29,   475.61
  344.07,   237.53,   225.74
  344.07,   237.41,   350.74
  344.06,   237.28,   475.74
  342.63,   362.53,   225.87
  342.62,   362.40,   350.87
  342.61,   362.27,   475.87
  470.51,   113.99,   225.62
  470.51,   113.86,   350.62
  470.50,   113.73,   475.62
  469.07,   238.98,   225.75
  469.06,   238.85,   350.75
  469.05,   238.73,   475.75
  467.62,   363.97,   225.88
  467.61,   363.85,   350.88
  467.60,   363.72,   475.88
  595.51,   115.44,   225.63
  595.50,   115.31,   350.63
  595.49,   115.18,   475.63
  594.06,   240.43,   225.76
  594.05,   240.30,   350.76
  594.04,   240.17,   475.76
  592.61,   365.42,   225.89
  592.60,   365.29,   350.89
  592.59,   365.16,   475.89
  346.30,    89.53,   348.17
  349.49,    90.91,   473.12
  352.68,    92.28,   598.07
  344.06,   214.51,   346.85
  347.25,   215.88,   471.80
  350.44,   217.25,   596.76
  341.82,   339.48,   345.54
  345.01,   340.85,   470.49
  348.20,   342.23,   595.44
  471.24,    91.74,   344.95
  474.43,    93.12,   469.90
  477.62,    94.49,   594.86
  469.00,   216.72,   343.64
  472.19,   218.09,   468.59
  475.38,   219.46,   593.54
  466.75,   341.69,   342.32
  469.95,   343.06,   467.27
  473.14,   344.43,   592.22
  596.18,    93.95,   341.74
  599.37,    95.32,   466.69
  602.56,    96.70,   591.64
  593.94,   218.92,   340.42
  597.13,   220.30,   465.37
  600.32,   221.67,   590.32
  591.69,   343.90,   339.11
  594.89,   345.27,   464.06
  598.08,   346.64,   589.01
  348.57,    91.72,   473.50
  348.56,    90.13,   598.49
  348.55,    88.54,   723.48
  348.11,   216.71,   475.08
  348.10,   215.12,   600.07
  348.09,   213.53,   725.06
  347.66,   341.69,   476.67
  347.65,   340.11,   601.66
  347.64,   338.52,   726.65
  473.57,    92.17,   473.51
  473.56,    90.58,   598.50
  473.55,    88.99,   723.49
  473.11,   217.16,   475.10
  473.10,   215.57,   600.09
  473.09,   213.98,   725.08
  472.66,   342.15,   476.69
  472.65,   340.56,   601.68
  472.64,   338.97,   726.67
  598.56,    92.62,   473.53
  598.55,    91.03,   598.52
  598.55,    89.45,   723.51
  598.11,   217.61,   475.11
  598.10,   216.02,   600.10
  598.09,   214.44,   725.09
  597.66,   342.60,   476.70
  597.65,   341.01,   601.69
  597.64,   339.43,   726.68
  349.25,    98.34,   600.88
  348.79,   100.54,   725.86
  348.32,   102.74,   850.84
  345.47,   223.26,   598.67
  345.00,   225.46,   723.65
  344.54,   227.66,   848.63
  341.69,   348.19,   596.46
  341.22,   350.39,   721.44
  340.75,   352.59,   846.42
  474.20,   102.13,   601.28
  473.73,   104.33,   726.26
  473.26,   106.53,   851.24
  470.41,   227.05,   599.07
  469.95,   229.25,   724.05
  469.48,   231.45,   849.03
  466.63,   351.98,   596.86
  466.16,   354.18,   721.84
  465.70,   356.38,   846.82
  599.14,   105.92,   601.68
  598.67,   108.12,   726.66
  598.20,   110.32,   851.64
  595.36,   230.84,   599.47
  594.89,   233.04,   724.45
  594.42,   235.24,   849.43
  591.57,   355.77,   597.26
  591.11,   357.97,   722.24
  590.64,   360.16,   847.22
  356.10,   223.48,   100.64
  355.83,   223.96,   225.64
  355.55,   224.45,   350.64
  360.26,   348.41,   100.16
  359.98,   348.89,   225.16
  359.70,   349.38,   350.16
  364.41,   473.34,    99.69
  364.13,   473.82,   224.69
  363.86,   474.31,   349.69
  481.04,   219.32,   100.93
  480.76,   219.81,   225.93
  480.48,   220.30,   350.93
  485.19,   344.25,   100.46
  484.91,   344.74,   225.46
  484.63,   345.23,   350.46
  489.34,   469.18,    99.98
  489.07,   469.67,   224.98
  488.79,   470.16,   349.98
  605.97,   215.17,   101.23
  605.69,   215.66,   226.23
  605.41,   216.14,   351.23
  610.12,   340.10,   100.75
  609.84,   340.59,   225.75
  609.57,   341.07,   350.75
  614.27,   465.03,   100.27
  614.00,   465.52,   225.27
  613.72,   466.00,   350.27
  355.98,   212.61,   224.31
  353.60,   215.02,   349.26
  351.22,   217.44,   474.21
  357.12,   337.58,   221.91
  354.73,   340.00,   346.87
  352.35,   342.41,   471.82
  358.25,   462.55,   219.52
  355.87,   464.97,   344.48
  353.48,   467.38,   469.43
  480.95,   211.52,   226.71
  478.57,   213.94,   351.66
  476.19,   216.35,   476.62
  482.09,   336.49,   224.32
  479.71,   338.91,   349.27
  477.32,   341.32,   474.23
  483.22,   461.47,   221.93
  480.84,   463.88,   346.88
  478.46,   466.29,   471.84
  605.93,   210.43,   229.12
  603.54,   212.85,   354.07
  601.16,   215.26,   479.02
  607.06,   335.41,   226.72
  604.68,   337.82,   351.68
  602.29,   340.23,   476.63
  608.20,   460.38,   224.33
  605.81,   462.79,   349.29
  603.43,   465.20,   474.24
  349.92,   224.35,   349.59
  349.78,   224.44,   474.59
  349.63,   224.54,   599.59
  346.85,   349.32,   349.50
  346.71,   349.41,   474.50
  346.56,   349.50,   599.50
  343.78,   474.28,   349.40
  343.64,   474.37,   474.40
  343.49,   474.46,   599.40
  474.89,   227.42,   349.74
  474.74,   227.51,   474.74
  474.59,   227.61,   599.74
  471.82,   352.39,   349.65
  471.67,   352.48,   474.65
  471.52,   352.57,   599.65
  468.75,   477.35,   349.55
  468.60,   477.44,   474.55
  468.45,   477.53,   599.55
  599.85,   230.49,   349.89
  599.70,   230.59,   474.89
  599.55,   230.68,   599.89
  596.78,   355.46,   349.79
  596.63,   355.55,   474.79
  596.48,   355.64,   599.79
  593.71,   480.42,   349.70
  593.56,   480.51,   474.70
  593.41,   480.60,   599.70
  340.33,   232.35,   473.91
  340.44,   233.04,   598.90
  340.55,   233.73,   723.90
  343.76,   357.30,   473.21
  343.87,   357.99,   598.21
  343.97,   358.68,   723.21
  347.19,   482.25,   472.52
  347.29,   482.94,   597.52
  347.40,   483.63,   722.51
  465.28,   228.92,   473.82
  465.39,   229.61,   598.82
  465.50,   230.30,   723.81
  468.71,   353.87,   473.12
  468.82,   354.56,   598.12
  468.93,   355.25,   723.12
  472.14,   478.82,   472.43
  472.25,   479.51,   597.43
  472.35,   480.20,   722.43
  590.24,   225.49,   473.73
  590.35,   226.18,   598.73
  590.45,   226.87,   723.72
  593.66,   350.44,   473.03
  593.77,   351.13,   598.03
  593.88,   351.83,   723.03
  597.09,   475.39,   472.34
  597.20,   476.09,   597.34
  597.31,   476.78,   722.34
  352.11,   227.86,   602.78
  351.86,   224.21,   727.73
  351.62,   220.56,   852.67
  347.77,   352.73,   606.42
  347.52,   349.08,   731.37
  347.28,   345.43,   856.31
  343.43,   477.60,   610.06
  343.19,   473.95,   735.01
  342.94,   470.30,   859.95
  477.03,   232.19,   603.15
  476.79,   228.54,   728.10
  476.54,   224.89,   853.05
  472.69,   357.06,   606.79
  472.45,   353.41,   731.74
  472.20,   349.76,   856.68
  468.36,   481.93,   610.43
  468.11,   478.28,   735.38
  467.86,   474.63,   860.32
  601.96,   236.52,   603.52
  601.71,   232.87,   728.47
  601.46,   229.22,   853.42
  597.62,   361.39,   607.16
  597.37,   357.74,   732.11
  597.13,   354.09,   857.06
  593.28,   486.26,   610.80
  593.03,   482.61,   735.75
  592.79,   478.96,   860.70
  354.55,   352.61,   102.02
  354.42,   352.13,   227.02
  354.30,   351.65,   352.02
  355.87,   477.60,   102.50
  355.75,   477.12,   227.50
  355.62,   476.64,   352.50
  357.19,   602.59,   102.98
  357.07,   602.11,   227.98
  356.94,   601.63,   352.98
  479.54,   351.29,   102.14
  479.42,   350.81,   227.14
  479.29,   350.33,   352.14
  480.86,   476.28,   102.62
  480.74,   475.80,   227.62
  480.61,   475.32,   352.62
  482.18,   601.27,   103.10
  482.06,   600.79,   228.10
  481.94,   600.31,   353.10
  604.53,   349.96,   102.26
  604.41,   349.48,   227.26
  604.29,   349.00,   352.26
  605.85,   474.95,   102.74
  605.73,   474.48,   227.74
  605.61,   474.00,   352.74
  607.18,   599.95,   103.22
  607.05,   599.47,   228.22
  606.93,   598.99,   353.22
  350.81,   359.56,   228.67
  347.48,   361.94,   353.60
  344.16,   364.32,   478.53
  348.49,   484.52,   226.23
  345.16,   486.90,   351.16
  341.84,   489.27,   476.09
  346.17,   609.47,   223.79
  342.85,   611.85,   348.72
  339.52,   614.23,   473.65
  475.74,   361.95,   231.94
  472.42,   364.32,   356.88
  469.10,   366.70,   481.81
  473.42,   486.90,   229.50
  470.10,   489.28,   354.44
  466.78,   491.66,   479.37
  471.10,   611.86,   227.06
  467.78,   614.23,   352.00
  464.46,   616.61,   476.93
  600.67,   364.33,   235.22
  597.35,   366.71,   360.15
  594.03,   369.08,   485.09
  598.35,   489.28,   232.78
  595.03,   491.66,   357.71
  591.71,   494.04,   482.65
  596.04,   614.24,   230.34
  592.71,   616.62,   355.27
  589.39,   618.99,   480.21
  344.16,   348.82,   350.43
  344.86,   348.91,   475.43
  345.56,   348.99,   600.43
  347.80,   473.77,   350.33
  348.50,   473.85,   475.32
  349.20,   473.94,   600.32
  351.44,   598.72,   350.22
  352.14,   598.80,   475.22
  352.84,   598.89,   600.22
  469.10,   345.18,   349.73
  469.80,   345.27,   474.73
  470.51,   345.35,   599.73
  472.74,   470.13,   349.62
  473.44,   470.21,   474.62
  474.15,   470.30,   599.62
  476.38,   595.08,   349.52
  477.08,   595.16,   474.52
  477.79,   595.25,   599.52
  594.05,   341.54,   349.03
  594.75,   341.63,   474.03
  595.45,   341.71,   599.02
  597.69,   466.49,   348.92
  598.39,   466.57,   473.92
  599.09,   466.66,   598.92
  601.33,   591.44,   348.82
  602.03,   591.52,   473.82
  602.73,   591.61,   598.82
  353.65,   363.25,   478.40
  356.32,   360.60,   603.34
  358.98,   357.94,   728.28
  349.79,   488.16,   481.13
  352.45,   485.51,   606.08
  355.12,   482.85,   731.02
  345.92,   613.07,   483.87
  348.59,   610.42,   608.82
  351.26,   607.76,   733.76
  478.56,   367.17,   475.81
  481.23,   364.51,   600.76
  483.89,   361.86,   725.70
  474.70,   492.08,   478.55
  477.37,   489.43,   603.50
  480.03,   486.77,   728.44
  470.84,   616.99,   481.29
  473.50,   614.34,   606.24
  476.17,   611.68,   731.18
  603.48,   371.09,   473.23
  606.14,   368.43,   598.18
  608.81,   365.78,   723.12
  599.61,   496.00,   475.97
  602.28,   493.35,   600.92
  604.94,   490.69,   725.86
  595.75,   620.91,   478.71
  598.41,   618.26,   603.65
  601.08,   615.60,   728.60
  339.90,   354.73,   596.71
  342.42,   352.13,   721.66
  344.93,   349.53,   846.61
  341.89,   479.69,   599.28
  344.40,   477.09,   724.22
  346.92,   474.49,   849.17
  343.87,   604.65,   601.84
  346.39,   602.05,   726.79
  348.90,   599.45,   851.73
  464.86,   352.80,   594.16
  467.38,   350.20,   719.11
  469.89,   347.60,   844.06
  466.85,   477.76,   596.72
  469.36,   475.16,   721.67
  471.88,   472.56,   846.62
  468.83,   602.72,   599.29
  471.35,   600.12,   724.23
  473.86,   597.51,   849.18
  589.82,   350.87,   591.61
  592.34,   348.27,   716.55
  594.85,   345.66,   841.50
  591.81,   475.83,   594.17
  594.32,   473.23,   719.12
  596.83,   470.62,   844.06
  593.79,   600.79,   596.73
  596.31,   598.18,   721.68
  598.82,   595.58,   846.63
  361.75,   487.33,   107.39
  357.90,   482.61,   232.24
  354.06,   477.89,   357.09
  361.07,   612.24,   112.09
  357.23,   607.52,   236.94
  353.39,   602.80,   361.79
  360.40,   737.15,   116.79
  356.56,   732.43,   241.64
  352.72,   727.71,   366.49
  486.69,   487.86,   111.26
  482.84,   483.14,   236.11
  479.00,   478.42,   360.96
  486.01,   612.77,   115.96
  482.17,   608.05,   240.81
  478.33,   603.33,   365.66
  485.34,   737.68,   120.66
  481.50,   732.96,   245.51
  477.66,   728.24,   370.36
  611.63,   488.39,   115.12
  607.78,   483.67,   239.97
  603.94,   478.95,   364.82
  610.95,   613.30,   119.82
  607.11,   608.58,   244.67
  603.27,   603.86,   369.53
  610.28,   738.21,   124.52
  606.44,   733.49,   249.37
  602.60,   728.77,   374.23
  347.31,   473.52,   224.96
  346.35,   470.66,   349.93
  345.39,   467.81,   474.89
  346.79,   598.49,   227.82
  345.83,   595.63,   352.78
  344.87,   592.77,   477.74
  346.27,   723.45,   230.67
  345.31,   720.60,   355.63
  344.35,   717.74,   480.60
  472.30,   474.02,   225.93
  471.34,   471.16,   350.90
  470.39,   468.30,   475.86
  471.79,   598.98,   228.79
  470.83,   596.13,   353.75
  469.87,   593.27,   478.71
  471.27,   723.95,   231.64
  470.31,   721.09,   356.60
  469.35,   718.24,   481.57
  597.30,   474.51,   226.91
  596.34,   471.66,   351.87
  595.38,   468.80,   476.83
  596.78,   599.48,   229.76
  595.82,   596.62,   354.72
  594.86,   593.77,   479.69
  596.26,   724.45,   232.61
  595.30,   721.59,   357.57
  594.34,   718.73,   482.54
  343.34,   470.03,   347.11
  341.12,   472.03,   472.08
  338.89,   474.03,   597.04
  343.04,   595.01,   345.11
  340.82,   597.01,   470.07
  338.59,   599.01,   595.03
  342.74,   719.99,   343.10
  340.51,   721.99,   468.06
  338.29,   723.99,   593.03
  468.32,   470.36,   349.33
  466.10,   472.36,   474.30
  463.87,   474.36,   599.26
  468.02,   595.35,   347.33
  465.80,   597.35,   472.29
  463.57,   599.35,   597.26
  467.72,   720.33,   345.32
  465.49,   722.33,   470.29
  463.27,   724.33,   595.25
  593.30,   470.70,   351.56
  591.08,   472.70,   476.52
  588.85,   474.70,   601.49
  593.00,   595.68,   349.55
  590.77,   597.68,   474.52
  588.55,   599.68,   599.48
  592.70,   720.67,   347.55
  590.47,   722.67,   472.51
  588.25,   724.67,   597.47
  347.27,   472.69,   471.88
  344.59,   475.18,   596.83
  341.90,   477.67,   721.78
  344.67,   597.63,   469.34
  341.99,   600.13,   594.28
  339.30,   602.62,   719.23
  342.08,   722.58,   466.79
  339.39,   725.07,   591.74
  336.70,   727.56,   716.68
  472.22,   475.34,   474.52
  469.53,   477.83,   599.46
  466.84,   480.32,   724.41
  469.62,   600.29,   471.97
  466.93,   602.78,   596.92
  464.25,   605.27,   721.86
  467.02,   725.23,   469.42
  464.33,   727.72,   594.37
  461.65,   730.22,   719.32
  597.16,   477.99,   477.15
  594.47,   480.48,   602.10
  591.79,   482.97,   727.04
  594.56,   602.94,   474.60
  591.88,   605.43,   599.55
  589.19,   607.92,   724.50
  591.96,   727.89,   472.06
  589.28,   730.38,   597.00
  586.59,   732.87,   721.95
  353.91,   472.42,   599.41
  354.72,   469.45,   724.37
  355.52,   466.48,   849.34
  352.10,   597.37,   602.39
  352.90,   594.40,   727.35
  353.70,   591.44,   852.31
  350.28,   722.32,   605.37
  351.08,   719.35,   730.33
  351.89,   716.39,   855.29
  478.90,   474.26,   598.65
  479.70,   471.29,   723.61
  480.51,   468.32,   848.57
  477.08,   599.21,   601.63
  477.88,   596.24,   726.59
  478.69,   593.27,   851.55
  475.26,   724.16,   604.61
  476.07,   721.19,   729.57
  476.87,   718.22,   854.53
  603.88,   476.09,   597.89
  604.69,   473.13,   722.85
  605.49,   470.16,   847.81
  602.06,   601.04,   600.87
  602.87,   598.08,   725.83
  603.67,   595.11,   850.79
  600.25,   725.99,   603.85
  601.05,   723.03,   728.81
  601.85,   720.06,   853.77
  350.88,   597.72,    98.92
  351.67,   598.75,   223.91
  352.46,   599.79,   348.91
  350.75,   722.71,    97.88
  351.55,   723.75,   222.88
  352.34,   724.79,   347.87
  350.63,   847.71,    96.85
  351.42,   848.74,   221.84
  352.22,   849.78,   346.83
  475.87,   597.83,    98.13
  476.67,   598.87,   223.12
  477.46,   599.91,   348.11
  475.75,   722.83,    97.09
  476.54,   723.87,   222.08
  477.34,   724.90,   347.08
  475.63,   847.82,    96.05
  476.42,   848.86,   221.05
  477.21,   849.90,   346.04
  600.87,   597.95,    97.33
  601.67,   598.99,   222.32
  602.46,   600.02,   347.32
  600.75,   722.95,    96.29
  601.54,   723.98,   221.29
  602.34,   725.02,   346.28
  600.62,   847.94,    95.26
  601.42,   848.98,   220.25
  602.21,   850.02,   345.24
  333.62,   602.58,   220.41
  337.82,   599.96,   345.31
  342.03,   597.35,   470.22
  334.02,   727.55,   223.02
  338.23,   724.94,   347.92
  342.43,   722.32,   472.82
  334.43,   852.52,   225.62
  338.63,   849.91,   350.52
  342.84,   847.29,   475.43
  458.55,   602.26,   216.20
  462.75,   599.65,   341.10
  466.96,   597.03,   466.00
  458.95,   727.24,   218.81
  463.16,   724.62,   343.71
  467.36,   722.00,   468.61
  459.36,   852.21,   221.41
  463.56,   849.59,   346.31
  467.77,   846.97,   471.22
  583.48,   601.95,   211.99
  587.68,   599.33,   336.89
  591.89,   596.71,   461.79
  583.88,   726.92,   214.59
  588.09,   724.30,   339.50
  592.29,   721.69,   464.40
  584.29,   851.89,   217.20
  588.49,   849.28,   342.10
  592.69,   846.66,   467.00
  334.55,   603.58,   348.07
  338.87,   602.45,   472.99
  343.18,   601.31,   597.91
  330.90,   728.52,   349.33
  335.21,   727.39,   474.25
  339.53,   726.25,   599.17
  327.24,   853.46,   350.59
  331.56,   852.33,   475.51
  335.88,   851.19,   600.43
  459.42,   607.27,   343.79
  463.74,   606.14,   468.71
  468.06,   605.01,   593.63
  455.77,   732.21,   345.05
  460.08,   731.08,   469.97
  464.40,   729.95,   594.89
  452.11,   857.15,   346.31
  456.43,   856.02,   471.23
  460.75,   854.89,   596.15
  584.29,   610.97,   339.51
  588.61,   609.84,   464.43
  592.93,   608.70,   589.35
  580.64,   735.91,   340.77
  584.96,   734.78,   465.69
  589.27,   733.64,   590.61
  576.99,   860.85,   342.03
  581.30,   859.72,   466.95
  585.62,   858.58,   591.87
  355.26,   608.18,   479.11
  353.95,   610.47,   604.08
  352.65,   612.76,   729.05
  358.29,   733.12,   476.85
  356.99,   735.41,   601.82
  355.69,   737.70,   726.79
  361.33,   858.07,   474.59
  360.03,   860.36,   599.56
  358.73,   862.65,   724.54
  480.21,   605.17,   480.47
  478.91,   607.46,   605.44
  477.61,   609.75,   730.41
  483.25,   730.11,   478.21
  481.95,   732.40,   603.18
  480.65,   734.69,   728.15
  486.29,   855.05,   475.95
  484.98,   857.34,   600.92
  483.68,   859.63,   725.89
  605.17,   602.15,   481.82
  603.87,   604.45,   606.79
  602.57,   606.74,   731.77
  608.21,   727.10,   479.56
  606.90,   729.39,   604.54
  605.60,   731.68,   729.51
  611.24,   852.04,   477.31
  609.94,   854.33,   602.28
  608.64,   856.62,   727.25
  343.12,   597.16,   596.56
  345.98,   595.91,   721.52
  348.84,   594.66,   846.48
  340.90,   722.14,   597.86
  343.76,   720.89,   722.82
  346.62,   719.64,   847.78
  338.68,   847.11,   599.16
  341.54,   845.86,   724.12
  344.40,   844.61,   849.08
  468.06,   599.41,   593.72
  470.93,   598.16,   718.68
  473.79,   596.91,   843.64
  465.84,   724.39,   595.02
  468.70,   723.14,   719.98
  471.57,   721.88,   844.94
  463.62,   849.36,   596.32
  466.48,   848.11,   721.28
  469.34,   846.86,   846.25
  593.01,   601.66,   590.88
  595.87,   600.41,   715.84
  598.73,   599.16,   840.80
  590.79,   726.64,   592.18
  593.65,   725.39,   717.14
  596.51,   724.13,   842.11
  588.57,   851.61,   593.49
  591.43,   850.36,   718.45
  594.29,   849.11,   843.41
  475.15,    82.36,    97.14
  478.72,    81.61,   222.09
  482.29,    80.86,   347.04
  475.40,   207.36,    97.88
  478.97,   206.61,   222.83
  482.55,   205.86,   347.78
  475.66,   332.36,    98.63
  479.23,   331.61,   223.57
  482.80,   330.86,   348.52
  600.10,    82.13,    93.57
  603.67,    81.38,   218.52
  607.24,    80.63,   343.46
  600.35,   207.13,    94.31
  603.92,   206.38,   219.26
  607.49,   205.63,   344.21
  600.61,   332.12,    95.06
  604.18,   331.37,   220.00
  607.75,   330.62,   344.95
  725.04,    81.90,    90.00
  728.62,    81.15,   214.94
  732.19,    80.39,   339.89
  725.30,   206.89,    90.74
  728.87,   206.14,   215.69
  732.44,   205.39,   340.63
  725.56,   331.89,    91.48
  729.13,   331.14,   216.43
  732.70,   330.39,   341.38
  487.83,    97.51,   228.44
  484.64,    96.79,   353.39
  481.45,    96.07,   478.35
  483.59,   222.44,   229.05
  480.39,   221.72,   354.00
  477.20,   221.00,   478.96
  479.34,   347.37,   229.66
  476.15,   346.65,   354.62
  472.95,   345.93,   479.57
  612.72,   101.74,   231.65
  609.53,   101.02,   356.61
  606.33,   100.30,   481.56
  608.47,   226.67,   232.26
  605.28,   225.95,   357.22
  602.09,   225.23,   482.18
  604.23,   351.60,   232.87
  601.03,   350.88,   357.83
  597.84,   350.16,   482.79
  737.61,   105.97,   234.87
  734.41,   105.25,   359.82
  731.22,   104.53,   484.78
  733.36,   230.90,   235.48
  730.17,   230.18,   360.43
  726.97,   229.46,   485.39
  729.11,   355.83,   236.09
  725.92,   355.11,   361.05
  722.73,   354.39,   486.00
  466.02,   102.08,   347.10
  467.13,   103.25,   472.09
  468.25,   104.42,   597.08
  465.77,   227.07,   345.93
  466.88,   228.25,   470.92
  468.00,   229.42,   595.91
  465.52,   352.07,   344.76
  466.63,   353.24,   469.75
  467.75,   354.41,   594.74
  591.01,   102.32,   345.99
  592.13,   103.49,   470.98
  593.24,   104.66,   595.97
  590.76,   227.31,   344.82
  591.88,   228.48,   469.81
  592.99,   229.66,   594.80
  590.51,   352.31,   343.65
  591.63,   353.48,   468.64
  592.74,   354.65,   593.63
  716.01,   102.56,   344.87
  717.12,   103.73,   469.86
  718.24,   104.90,   594.85
  715.76,   227.55,   343.70
  716.87,   228.72,   468.69
  717.99,   229.90,   593.68
  715.51,   352.55,   342.53
  716.62,   353.72,   467.52
  717.74,   354.89,   592.51
  473.61,    89.63,   471.70
  476.56,    91.52,   596.65
  479.52,    93.41,   721.60
  478.20,   214.53,   469.70
  481.16,   216.42,   594.65
  484.12,   218.31,   719.60
  482.80,   339.43,   467.70
  485.76,   341.32,   592.66
  488.71,   343.21,   717.61
  598.49,    84.99,   468.81
  601.44,    86.88,   593.76
  604.40,    88.76,   718.71
  603.08,   209.89,   466.82
  606.04,   211.78,   591.77
  609.00,   213.66,   716.72
  607.68,   334.79,   464.82
  610.64,   336.68,   589.77
  613.59,   338.56,   714.72
  723.37,    80.35,   465.93
  726.32,    82.23,   590.88
  729.28,    84.12,   715.83
  727.96,   205.25,   463.93
  730.92,   207.13,   588.88
  733.88,   209.02,   713.83
  732.56,   330.14,   461.94
  735.52,   332.03,   586.89
  738.47,   333.92,   711.84
  481.68,    92.26,   601.78
  477.45,    96.91,   726.62
  473.22,   101.56,   851.46
  479.90,   217.15,   597.07
  475.66,   221.81,   721.91
  471.43,   226.46,   846.75
  478.11,   342.05,   592.35
  473.88,   346.70,   717.19
  469.64,   351.36,   842.03
  606.60,    94.20,   605.94
  602.36,    98.85,   730.78
  598.13,   103.50,   855.63
  604.81,   219.10,   601.23
  600.58,   223.75,   726.07
  596.35,   228.40,   850.91
  603.03,   344.00,   596.51
  598.79,   348.65,   721.36
  594.56,   353.30,   846.20
  731.51,    96.14,   610.11
  727.28,   100.79,   734.95
  723.05,   105.45,   859.79
  729.73,   221.04,   605.39
  725.49,   225.69,   730.23
  721.26,   230.34,   855.08
  727.94,   345.94,   600.68
  723.71,   350.59,   725.52
  719.48,   355.24,   850.36
  461.52,   220.19,    95.90
  459.47,   223.32,   220.85
  457.41,   226.46,   345.79
  465.23,   345.09,    92.83
  463.18,   348.23,   217.78
  461.13,   351.36,   342.72
  468.94,   470.00,    89.76
  466.89,   473.14,   214.70
  464.84,   476.27,   339.65
  586.45,   216.53,    98.05
  584.40,   219.66,   222.99
  582.34,   222.80,   347.94
  590.16,   341.44,    94.98
  588.11,   344.57,   219.92
  586.05,   347.70,   344.86
  593.87,   466.34,    91.90
  591.82,   469.48,   216.85
  589.76,   472.61,   341.79
  711.38,   212.87,   100.20
  709.32,   216.00,   225.14
  707.27,   219.14,   350.08
  715.09,   337.78,    97.12
  713.04,   340.91,   222.07
  710.98,   344.05,   347.01
  718.80,   462.68,    94.05
  716.75,   465.82,   218.99
  714.69,   468.95,   343.94
  486.13,   232.73,   229.49
  483.05,   232.49,   354.45
  479.98,   232.24,   479.41
  481.84,   357.65,   229.62
  478.77,   357.41,   354.59
  475.69,   357.17,   479.55
  477.56,   482.58,   229.76
  474.48,   482.34,   354.72
  471.41,   482.10,   479.69
  611.02,   237.01,   232.57
  607.94,   236.77,   357.53
  604.87,   236.52,   482.49
  606.73,   361.93,   232.71
  603.66,   361.69,   357.67
  600.58,   361.45,   482.63
  602.45,   486.86,   232.84
  599.37,   486.62,   357.80
  596.30,   486.38,   482.77
  735.90,   241.29,   235.65
  732.83,   241.05,   360.61
  729.76,   240.80,   485.57
  731.62,   366.22,   235.79
  728.55,   365.97,   360.75
  725.47,   365.73,   485.71
  727.33,   491.14,   235.92
  724.26,   490.90,   360.88
  721.19,   490.66,   485.85
  481.24,   221.73,   354.70
  480.53,   221.72,   479.70
  479.81,   221.72,   604.69
  483.06,   346.72,   354.71
  482.34,   346.71,   479.71
  481.63,   346.70,   604.71
  484.88,   471.70,   354.73
  484.16,   471.70,   479.73
  483.45,   471.69,   604.73
  606.22,   219.91,   355.41
  605.51,   219.90,   480.41
  604.80,   219.90,   605.40
  608.04,   344.90,   355.42
  607.33,   344.89,   480.42
  606.62,   344.88,   605.42
  609.86,   469.88,   355.44
  609.15,   469.88,   480.44
  608.44,   469.87,   605.44
  731.21,   218.09,   356.12
  730.49,   218.08,   481.12
  729.78,   218.08,   606.11
  733.03,   343.08,   356.14
  732.31,   343.07,   481.13
  731.60,   343.06,   606.13
  734.84,   468.06,   356.15
  734.13,   468.06,   481.15
  733.42,   468.05,   606.15
  468.32,   230.22,   474.37
  466.93,   232.05,   599.35
  465.54,   233.89,   724.33
  472.56,   355.13,   472.59
  471.17,   356.97,   597.57
  469.79,   358.80,   722.54
  476.80,   480.05,   470.80
  475.42,   481.88,   595.78
  474.03,   483.72,   720.76
  593.24,   225.99,   475.82
  591.85,   227.83,   600.80
  590.46,   229.66,   725.78
  597.48,   350.91,   474.03
  596.09,   352.74,   599.01
  594.71,   354.58,   723.99
  601.72,   475.82,   472.25
  600.34,   477.66,   597.23
  598.95,   479.50,   722.20
  718.16,   221.77,   477.27
  716.77,   223.61,   602.25
  715.38,   225.44,   727.23
  722.40,   346.69,   475.48
  721.01,   348.52,   600.46
  719.63,   350.36,   725.44
  726.64,   471.60,   473.70
  725.26,   473.44,   598.67
  723.87,   475.27,   723.65
  468.22,   232.92,   596.72
  469.77,   232.04,   721.71
  471.33,   231.15,   846.69
  467.90,   357.92,   597.61
  469.46,   357.03,   722.60
  471.02,   356.15,   847.58
  467.59,   482.92,   598.50
  469.15,   482.03,   723.49
  470.70,   481.14,   848.47
  593.21,   233.25,   595.16
  594.76,   232.36,   720.15
  596.32,   231.48,   845.14
  592.89,   358.24,   596.05
  594.45,   357.36,   721.04
  596.01,   356.47,   846.03
  592.58,   483.24,   596.94
  594.14,   482.35,   721.93
  595.69,   481.47,   846.92
  718.20,   233.57,   593.61
  719.75,   232.69,   718.60
  721.31,   231.80,   843.58
  717.88,   358.57,   594.50
  719.44,   357.68,   719.49
  721.00,   356.80,   844.47
  717.57,   483.56,   595.39
  719.13,   482.68,   720.38
  720.68,   481.79,   845.36
  477.67,   338.07,    96.72
  480.50,   340.43,   221.67
  483.32,   342.78,   346.61
  476.65,   463.04,    94.38
  479.48,   465.40,   219.33
  482.30,   467.76,   344.28
  475.64,   588.01,    92.05
  478.46,   590.37,   216.99
  481.29,   592.73,   341.94
  602.63,   339.03,    93.88
  605.46,   341.39,   218.82
  608.28,   343.75,   343.77
  601.62,   464.00,    91.54
  604.44,   466.36,   216.49
  607.27,   468.72,   341.43
  600.60,   588.98,    89.20
  603.43,   591.34,   214.15
  606.25,   593.70,   339.10
  727.60,   339.99,    91.03
  730.42,   342.35,   215.98
  733.25,   344.71,   340.93
  726.58,   464.97,    88.70
  729.41,   467.33,   213.64
  732.23,   469.69,   338.59
  725.56,   589.94,    86.36
  728.39,   592.30,   211.31
  731.22,   594.66,   336.25
  481.47,   341.15,   225.38
  482.98,   339.91,   350.36
  484.48,   338.67,   475.35
  482.91,   466.14,   226.60
  484.41,   464.90,   351.59
  485.92,   463.65,   476.57
  484.34,   591.13,   227.83
  485.85,   589.88,   352.81
  487.36,   588.64,   477.80
  606.46,   339.73,   223.86
  607.96,   338.49,   348.84
  609.47,   337.25,   473.83
  607.89,   464.72,   225.08
  609.40,   463.48,   350.07
  610.90,   462.23,   475.05
  609.33,   589.71,   226.31
  610.83,   588.46,   351.29
  612.34,   587.22,   476.28
  731.44,   338.31,   222.34
  732.94,   337.07,   347.32
  734.45,   335.83,   472.31
  732.87,   463.30,   223.56
  734.38,   462.06,   348.55
  735.89,   460.81,   473.53
  734.31,   588.29,   224.79
  735.82,   587.04,   349.78
  737.32,   585.80,   474.76
  488.15,   340.34,   351.73
  485.03,   337.46,   476.66
  481.90,   334.57,   601.59
  487.87,   465.31,   354.61
  484.74,   462.42,   479.54
  481.62,   459.54,   604.47
  487.58,   590.28,   357.50
  484.46,   587.39,   482.42
  481.33,   584.50,   607.35
  613.11,   340.56,   354.86
  609.99,   337.67,   479.79
  606.86,   334.78,   604.72
  612.83,   465.52,   357.75
  609.70,   462.64,   482.67
  606.58,   459.75,   607.60
  612.54,   590.49,   360.63
  609.42,   587.60,   485.55
  606.29,   584.72,   610.48
  738.07,   340.77,   358.00
  734.95,   337.88,   482.92
  731.82,   335.00,   607.85
  737.79,   465.74,   360.88
  734.66,   462.85,   485.80
  731.54,   459.96,   610.73
  737.50,   590.70,   363.76
  734.38,   587.82,   488.68
  731.25,   584.93,   613.61
  478.83,   340.06,   473.67
  478.17,   340.46,   598.67
  477.51,   340.85,   723.66
  482.95,   465.00,   473.30
  482.29,   465.39,   598.30
  481.63,   465.78,   723.29
  487.07,   589.93,   472.93
  486.41,   590.32,   597.93
  485.75,   590.71,   722.92
  603.76,   335.95,   474.34
  603.10,   336.34,   599.34
  602.44,   336.73,   724.34
  607.88,   460.88,   473.97
  607.22,   461.27,   598.97
  606.56,   461.66,   723.97
  612.00,   585.81,   473.60
  611.34,   586.20,   598.60
  610.68,   586.59,   723.60
  728.69,   331.83,   475.02
  728.03,   332.22,   600.02
  727.37,   332.61,   725.01
  732.81,   456.76,   474.65
  732.15,   457.15,   599.65
  731.49,   457.55,   724.64
  736.93,   581.69,   474.28
  736.27,   582.08,   599.28
  735.61,   582.48,   724.27
  479.59,   352.77,   604.46
  478.25,   351.07,   729.44
  476.92,   349.36,   854.43
  479.92,   477.76,   606.17
  478.59,   476.06,   731.15
  477.26,   474.35,   856.13
  480.26,   602.75,   607.88
  478.92,   601.04,   732.86
  477.59,   599.34,   857.84
  604.58,   352.42,   605.79
  603.25,   350.72,   730.77
  601.91,   349.01,   855.75
  604.91,   477.41,   607.50
  603.58,   475.70,   732.48
  602.25,   474.00,   857.46
  605.25,   602.40,   609.21
  603.92,   600.69,   734.19
  602.58,   598.99,   859.17
  729.57,   352.07,   607.12
  728.24,   350.36,   732.10
  726.91,   348.66,   857.08
  729.91,   477.06,   608.83
  728.57,   475.35,   733.81
  727.24,   473.65,   858.79
  730.24,   602.05,   610.54
  728.91,   600.34,   735.52
  727.57,   598.63,   860.50
  473.62,   493.57,   105.04
  476.48,   489.65,   229.95
  479.33,   485.73,   354.86
  476.47,   618.48,   108.90
  479.33,   614.56,   233.81
  482.19,   610.64,   358.71
  479.33,   743.39,   112.76
  482.19,   739.47,   237.67
  485.05,   735.54,   362.57
  598.55,   490.81,   102.10
  601.41,   486.88,   227.00
  604.27,   482.96,   351.91
  601.41,   615.72,   105.96
  604.27,   611.79,   230.86
  607.13,   607.87,   355.77
  604.27,   740.62,   109.81
  607.12,   736.70,   234.72
  609.98,   732.78,   359.62
  723.49,   488.04,    99.15
  726.35,   484.12,   224.06
  729.20,   480.19,   348.96
  726.34,   612.95,   103.01
  729.20,   609.03,   227.91
  732.06,   605.10,   352.82
  729.20,   737.86,   106.87
  732.06,   733.93,   231.77
  734.92,   730.01,   356.68
  467.21,   470.98,   219.99
  466.41,   467.50,   344.94
  465.62,   464.02,   469.89
  469.41,   595.91,   223.49
  468.61,   592.43,   348.44
  467.82,   588.95,   473.39
  471.61,   720.85,   226.98
  470.82,   717.36,   351.93
  470.02,   713.88,   476.88
  592.18,   468.76,   220.73
  591.39,   465.28,   345.67
  590.59,   461.79,   470.62
  594.39,   593.69,   224.22
  593.59,   590.21,   349.17
  592.80,   586.73,   474.12
  596.59,   718.62,   227.71
  595.80,   715.14,   352.66
  595.00,   711.66,   477.61
  717.16,   466.53,   221.46
  716.37,   463.05,   346.41
  715.57,   459.57,   471.36
  719.37,   591.46,   224.95
  718.57,   587.98,   349.90
  717.78,   584.50,   474.85
  721.57,   716.39,   228.45
  720.78,   712.91,   353.40
  719.98,   709.43,   478.35
  464.33,   485.58,   350.78
  464.64,   487.07,   475.77
  464.95,   488.56,   600.77
  465.83,   610.56,   349.29
  466.14,   612.05,   474.28
  466.45,   613.54,   599.27
  467.33,   735.54,   347.79
  467.64,   737.03,   472.78
  467.95,   738.52,   597.77
  589.33,   484.07,   350.49
  589.63,   485.57,   475.48
  589.94,   487.06,   600.47
  590.82,   609.06,   349.00
  591.13,   610.55,   473.99
  591.44,   612.04,   598.98
  592.32,   734.04,   347.50
  592.63,   735.53,   472.49
  592.94,   737.02,   597.48
  714.32,   482.57,   350.20
  714.62,   484.06,   475.19
  714.93,   485.56,   600.18
  715.81,   607.55,   348.71
  716.12,   609.05,   473.70
  716.43,   610.54,   598.69
  717.31,   732.54,   347.21
  717.62,   734.03,   472.20
  717.93,   735.52,   597.19
  476.86,   474.97,   476.87
  478.20,   475.24,   601.87
  479.55,   475.50,   726.86
  480.32,   599.92,   476.57
  481.67,   600.19,   601.56
  483.01,   600.46,   726.55
  483.79,   724.87,   476.26
  485.13,   725.14,   601.25
  486.47,   725.41,   726.25
  601.81,   471.50,   475.54
  603.15,   471.77,   600.53
  604.49,   472.04,   725.52
  605.27,   596.45,   475.23
  606.61,   596.72,   600.23
  607.95,   596.99,   725.22
  608.73,   721.40,   474.93
  610.07,   721.67,   599.92
  611.42,   721.94,   724.91
  726.75,   468.04,   474.21
  728.09,   468.31,   599.20
  729.44,   468.57,   724.19
  730.21,   592.99,   473.90
  731.56,   593.26,   598.89
  732.90,   593.53,   723.88
  733.68,   717.94,   473.59
  735.02,   718.21,   598.58
  736.36,   718.48,   723.58
  479.83,   476.50,   600.70
  478.08,   472.94,   725.64
  476.33,   469.39,   850.57
  477.63,   601.43,   604.22
  475.88,   597.88,   729.16
  474.13,   594.32,   854.10
  475.43,   726.36,   607.74
  473.68,   722.81,   732.68
  471.93,   719.25,   857.62
  604.79,   478.64,   602.51
  603.05,   475.09,   727.45
  601.30,   471.54,   852.38
  602.60,   603.58,   606.03
  600.85,   600.02,   730.97
  599.10,   596.47,   855.91
  600.40,   728.51,   609.55
  598.65,   724.95,   734.49
  596.90,   721.40,   859.43
  729.76,   480.79,   604.32
  728.01,   477.24,   729.26
  726.27,   473.69,   854.19
  727.57,   605.72,   607.84
  725.82,   602.17,   732.78
  724.07,   598.62,   857.72
  725.37,   730.65,   611.36
  723.62,   727.10,   736.30
  721.87,   723.55,   861.24
  484.28,   607.35,   106.17
  480.38,   604.00,   231.06
  476.49,   600.64,   355.96
  488.71,   732.22,   109.66
  484.82,   728.87,   234.56
  480.93,   725.51,   359.45
  493.15,   857.10,   113.15
  489.25,   853.74,   238.05
  485.36,   850.38,   362.94
  609.14,   602.81,   109.94
  605.24,   599.46,   234.83
  601.35,   596.10,   359.73
  613.57,   727.68,   113.43
  609.68,   724.33,   238.33
  605.79,   720.97,   363.22
  618.01,   852.56,   116.93
  614.11,   849.20,   241.82
  610.22,   845.84,   366.71
  734.00,   598.27,   113.71
  730.10,   594.91,   238.60
  726.21,   591.56,   363.50
  738.43,   723.14,   117.20
  734.54,   719.79,   242.10
  730.65,   716.43,   366.99
  742.87,   848.02,   120.70
  738.97,   844.66,   245.59
  735.08,   841.30,   370.48
  485.15,   599.28,   229.60
  487.46,   597.76,   354.56
  489.77,   596.23,   479.53
  482.47,   724.24,   231.17
  484.78,   722.72,   356.14
  487.09,   721.19,   481.11
  479.79,   849.20,   232.74
  482.10,   847.68,   357.71
  484.41,   846.16,   482.68
  610.10,   601.99,   227.32
  612.41,   600.46,   352.29
  614.72,   598.94,   477.26
  607.42,   726.95,   228.89
  609.73,   725.43,   353.86
  612.04,   723.90,   478.83
  604.74,   851.91,   230.46
  607.05,   850.39,   355.43
  609.36,   848.86,   480.40
  735.05,   604.69,   225.04
  737.36,   603.17,   350.01
  739.67,   601.65,   474.98
  732.37,   729.66,   226.62
  734.68,   728.13,   351.59
  736.99,   726.61,   476.56
  729.69,   854.62,   228.19
  732.00,   853.09,   353.16
  734.31,   851.57,   478.13
  483.86,   589.53,   349.77
  482.68,   589.78,   474.76
  481.51,   590.03,   599.76
  485.65,   714.51,   349.53
  484.47,   714.77,   474.53
  483.30,   715.02,   599.52
  487.44,   839.50,   349.30
  486.26,   839.75,   474.29
  485.08,   840.01,   599.29
  608.84,   587.74,   350.95
  607.66,   587.99,   475.94
  606.49,   588.25,   600.94
  610.63,   712.73,   350.71
  609.45,   712.98,   475.71
  608.28,   713.23,   600.70
  612.42,   837.72,   350.48
  611.24,   837.97,   475.47
  610.07,   838.22,   600.47
  733.82,   585.96,   352.13
  732.65,   586.21,   477.12
  731.47,   586.46,   602.12
  735.61,   710.94,   351.89
  734.44,   711.19,   476.89
  733.26,   711.45,   601.88
  737.40,   835.93,   351.66
  736.22,   836.18,   476.65
  735.05,   836.43,   601.65
  480.21,   600.63,   476.89
  477.52,   599.81,   601.86
  474.84,   598.99,   726.83
  480.52,   725.63,   477.72
  477.83,   724.81,   602.69
  475.14,   723.98,   727.66
  480.83,   850.63,   478.55
  478.14,   849.80,   603.52
  475.45,   848.98,   728.49
  605.18,   600.31,   479.58
  602.50,   599.49,   604.54
  599.81,   598.66,   729.51
  605.49,   725.31,   480.41
  602.80,   724.48,   605.37
  600.11,   723.66,   730.34
  605.80,   850.30,   481.24
  603.11,   849.48,   606.21
  600.42,   848.66,   731.17
  730.15,   599.98,   482.26
  727.47,   599.16,   607.23
  724.78,   598.34,   732.20
  730.46,   724.98,   483.09
  727.77,   724.16,   608.06
  725.09,   723.33,   733.03
  730.77,   849.98,   483.92
  728.08,   849.15,   608.89
  725.39,   848.33,   733.86
  473.67,   595.11,   597.00
  473.46,   595.92,   722.00
  473.24,   596.73,   847.00
  477.38,   720.06,   596.20
  477.17,   720.86,   721.20
  476.95,   721.67,   846.19
  481.09,   845.00,   595.40
  480.88,   845.81,   720.40
  480.66,   846.62,   845.39
  598.62,   591.41,   597.24
  598.40,   592.21,   722.24
  598.19,   593.02,   847.24
  602.33,   716.35,   596.44
  602.11,   717.16,   721.44
  601.90,   717.96,   846.43
  606.04,   841.29,   595.64
  605.82,   842.10,   720.64
  605.61,   842.91,   845.63
  723.56,   587.70,   597.48
  723.35,   588.51,   722.48
  723.13,   589.31,   847.48
  727.27,   712.64,   596.68
  727.06,   713.45,   721.68
  726.84,   714.26,   846.68
  730.98,   837.58,   595.88
  730.77,   838.39,   720.88
  730.55,   839.20,   845.87
  596.60,   111.08,    98.92
  598.72,   108.37,   223.87
  600.84,   105.67,   348.82
  596.37,   236.05,   101.63
  598.49,   233.34,   226.58
  600.61,   230.64,   351.53
  596.14,   361.02,   104.34
  598.26,   358.31,   229.29
  600.38,   355.61,   354.25
  721.59,   111.36,    96.80
  723.71,   108.65,   221.76
  725.82,   105.94,   346.71
  721.35,   236.33,    99.52
  723.47,   233.62,   224.47
  725.59,   230.91,   349.42
  721.12,   361.30,   102.23
  723.24,   358.59,   227.18
  725.36,   355.88,   352.13
  846.57,   111.64,    94.69
  848.69,   108.93,   219.64
  850.81,   106.22,   344.59
  846.34,   236.61,    97.40
  848.46,   233.90,   222.35
  850.57,   231.19,   347.31
  846.10,   361.58,   100.11
  848.22,   358.87,   225.07
  850.34,   356.16,   350.02
  602.44,    90.39,   223.95
  603.94,    91.17,   348.93
  605.44,    91.95,   473.92
  602.77,   215.38,   223.16
  604.27,   216.17,   348.15
  605.77,   216.95,   473.14
  603.10,   340.38,   222.37
  604.60,   341.16,   347.36
  606.10,   341.95,   472.35
  727.43,    90.05,   222.45
  728.93,    90.83,   347.43
  730.44,    91.61,   472.42
  727.76,   215.05,   221.66
  729.26,   215.83,   346.65
  730.76,   216.61,   471.64
  728.09,   340.04,   220.87
  729.59,   340.83,   345.86
  731.09,   341.61,   470.85
  852.42,    89.71,   220.95
  853.92,    90.50,   345.93
  855.43,    91.28,   470.92
  852.75,   214.71,   220.16
  854.25,   215.49,   345.15
  855.75,   216.28,   470.14
  853.08,   339.71,   219.37
  854.58,   340.49,   344.36
  856.08,   341.27,   469.35
  604.67,    96.70,   350.26
  607.03,    93.30,   475.19
  609.39,    89.90,   600.12
  603.02,   221.64,   353.68
  605.38,   218.24,   478.62
  607.75,   214.85,   603.55
  601.38,   346.58,   357.11
  603.74,   343.18,   482.04
  606.10,   339.79,   606.98
  729.63,    98.40,   347.94
  732.00,    95.01,   472.87
  734.36,    91.61,   597.80
  727.99,   223.35,   351.37
  730.35,   219.95,   476.30
  732.71,   216.55,   601.23
  726.34,   348.29,   354.80
  728.71,   344.89,   479.73
  731.07,   341.50,   604.66
  854.60,   100.11,   345.62
  856.96,    96.72,   470.55
  859.33,    93.32,   595.49
  852.96,   225.06,   349.05
  855.32,   221.66,   473.98
  857.68,   218.26,   598.91
  851.31,   350.00,   352.48
  853.67,   346.60,   477.41
  856.04,   343.20,   602.34
  598.58,    98.43,   473.13
  595.38,   101.11,   598.06
  592.18,   103.79,   722.99
  594.91,   223.35,   470.36
  591.71,   226.03,   595.29
  588.51,   228.70,   720.22
  591.24,   348.26,   467.58
  588.04,   350.94,   592.51
  584.84,   353.62,   717.45
  723.48,   102.17,   476.25
  720.28,   104.85,   601.18
  717.08,   107.53,   726.11
  719.81,   227.08,   473.47
  716.62,   229.76,   598.40
  713.42,   232.44,   723.34
  716.15,   352.00,   470.70
  712.95,   354.68,   595.63
  709.75,   357.36,   720.56
  848.39,   105.91,   479.36
  845.19,   108.58,   604.29
  841.99,   111.26,   729.22
  844.72,   230.82,   476.59
  841.52,   233.50,   601.52
  838.32,   236.18,   726.45
  841.05,   355.74,   473.82
  837.85,   358.41,   598.75
  834.65,   361.09,   723.68
  604.78,   105.81,   604.83
  602.58,   101.96,   729.76
  600.38,    98.11,   854.68
  605.57,   230.75,   608.70
  603.36,   226.90,   733.62
  601.16,   223.05,   858.54
  606.35,   355.68,   612.56
  604.15,   351.83,   737.48
  601.95,   347.99,   862.40
  729.76,   104.95,   607.01
  727.56,   101.11,   731.93
  725.35,    97.26,   856.86
  730.55,   229.89,   610.88
  728.34,   226.04,   735.80
  726.14,   222.19,   860.72
  731.33,   354.83,   614.74
  729.13,   350.98,   739.66
  726.92,   347.13,   864.58
  854.74,   104.10,   609.19
  852.54,   100.25,   734.11
  850.33,    96.40,   859.03
  855.52,   229.04,   613.05
  853.32,   225.19,   737.98
  851.12,   221.34,   862.90
  856.31,   353.98,   616.92
  854.11,   350.13,   741.84
  851.90,   346.28,   866.76
  600.08,   228.09,   100.21
  598.40,   225.01,   225.16
  596.73,   221.94,   350.11
  600.70,   353.05,   103.30
  599.03,   349.97,   228.25
  597.36,   346.90,   353.20
  601.33,   478.01,   106.38
  599.66,   474.93,   231.34
  597.99,   471.86,   356.29
  725.06,   227.42,   101.86
  723.39,   224.35,   226.82
  721.72,   221.27,   351.77
  725.69,   352.38,   104.95
  724.02,   349.31,   229.90
  722.35,   346.23,   354.85
  726.32,   477.34,   108.04
  724.65,   474.27,   232.99
  722.98,   471.19,   357.94
  850.05,   226.76,   103.52
  848.38,   223.68,   228.47
  846.71,   220.60,   353.42
  850.68,   351.72,   106.61
  849.01,   348.64,   231.56
  847.34,   345.56,   356.51
  851.31,   476.68,   109.69
  849.63,   473.60,   234.65
  847.96,   470.52,   359.60
  602.19,   214.61,   222.62
  600.09,   213.94,   347.60
  597.98,   213.27,   472.58
  602.85,   339.61,   223.30
  600.74,   338.94,   348.28
  598.64,   338.27,   473.26
  603.50,   464.61,   223.99
  601.40,   463.93,   348.97
  599.30,   463.26,   473.95
  727.17,   213.95,   224.72
  725.07,   213.27,   349.70
  722.97,   212.60,   474.68
  727.83,   338.94,   225.40
  725.72,   338.27,   350.38
  723.62,   337.60,   475.36
  728.48,   463.94,   226.08
  726.38,   463.27,   351.06
  724.28,   462.59,   476.05
  852.15,   213.28,   226.82
  850.05,   212.61,   351.80
  847.95,   211.94,   476.78
  852.81,   338.28,   227.50
  850.70,   337.60,   352.48
  848.60,   336.93,   477.46
  853.46,   463.27,   228.18
  851.36,   462.60,   353.16
  849.26,   461.93,   478.14
  593.55,   227.68,   345.53
  594.55,   227.23,   470.53
  595.56,   226.79,   595.52
  596.42,   352.64,   345.95
  597.42,   352.20,   470.95
  598.43,   351.76,   595.94
  599.28,   477.61,   346.37
  600.29,   477.17,   471.37
  601.30,   476.72,   596.36
  718.51,   224.81,   344.51
  719.52,   224.37,   469.51
  720.53,   223.92,   594.50
  721.38,   349.78,   344.93
  722.39,   349.33,   469.93
  723.40,   348.89,   594.92
  724.25,   474.74,   345.35
  725.26,   474.30,   470.35
  726.26,   473.86,   595.34
  843.47,   221.95,   343.50
  844.48,   221.50,   468.49
  845.49,   221.06,   593.49
  846.34,   346.91,   343.92
  847.35,   346.47,   468.91
  848.36,   346.02,   593.91
  849.21,   471.88,   344.34
  850.22,   471.43,   469.33
  851.23,   470.99,   594.33
  599.28,   220.85,   472.38
  601.14,   221.81,   597.36
  603.00,   222.76,   722.35
  599.16,   345.84,   471.43
  601.02,   346.80,   596.41
  602.88,   347.76,   721.39
  599.04,   470.84,   470.47
  600.90,   471.80,   595.45
  602.77,   472.76,   720.44
  724.26,   220.95,   470.52
  726.13,   221.91,   595.50
  727.99,   222.87,   720.48
  724.15,   345.95,   469.56
  726.01,   346.91,   594.55
  727.87,   347.86,   719.53
  724.03,   470.94,   468.61
  725.89,   471.90,   593.59
  727.75,   472.86,   718.57
  849.25,   221.06,   468.66
  851.11,   222.01,   593.64
  852.97,   222.97,   718.62
  849.13,   346.05,   467.70
  850.99,   347.01,   592.68
  852.86,   347.97,   717.67
  849.01,   471.05,   466.75
  850.88,   472.01,   591.73
  852.74,   472.96,   716.71
  590.65,   238.98,   596.37
  590.96,   237.99,   721.37
  591.26,   237.00,   846.36
  592.98,   363.95,   597.36
  593.29,   362.96,   722.35
  593.59,   361.97,   847.35
  595.32,   488.93,   598.34
  595.62,   487.94,   723.34
  595.93,   486.94,   848.33
  715.63,   236.65,   596.05
  715.93,   235.66,   721.05
  716.24,   234.67,   846.04
  717.96,   361.62,   597.03
  718.27,   360.63,   722.03
  718.57,   359.64,   847.03
  720.29,   486.60,   598.02
  720.60,   485.61,   723.02
  720.90,   484.62,   848.01
  840.61,   234.32,   595.73
  840.91,   233.33,   720.72
  841.22,   232.34,   845.72
  842.94,   359.29,   596.71
  843.24,   358.30,   721.71
  843.55,   357.31,   846.70
  845.27,   484.27,   597.70
  845.58,   483.28,   722.69
  845.88,   482.29,   847.69
  605.08,   340.89,    99.17
  605.82,   344.48,   224.11
  606.57,   348.07,   349.06
  601.91,   465.80,    95.60
  602.66,   469.39,   220.55
  603.41,   472.97,   345.49
  598.75,   590.71,    92.04
  599.50,   594.30,   216.98
  600.25,   597.88,   341.93
  730.03,   344.03,    98.33
  730.78,   347.62,   223.28
  731.53,   351.21,   348.22
  726.87,   468.94,    94.76
  727.62,   472.53,   219.71
  728.37,   476.11,   344.66
  723.71,   593.85,    91.20
  724.46,   597.44,   216.14
  725.20,   601.02,   341.09
  854.99,   347.17,    97.49
  855.74,   350.76,   222.44
  856.49,   354.34,   347.38
  851.83,   472.08,    93.93
  852.58,   475.67,   218.87
  853.32,   479.25,   343.82
  848.67,   596.99,    90.36
  849.41,   600.58,   215.31
  850.16,   604.16,   340.25
  593.31,   345.14,   219.22
  595.19,   345.89,   344.20
  597.08,   346.63,   469.18
  593.21,   470.14,   218.47
  595.09,   470.89,   343.46
  596.98,   471.63,   468.44
  593.10,   595.14,   217.73
  594.99,   595.88,   342.72
  596.87,   596.63,   467.70
  718.29,   345.24,   217.33
  720.18,   345.98,   342.31
  722.07,   346.72,   467.30
  718.19,   470.24,   216.59
  720.08,   470.98,   341.57
  721.96,   471.72,   466.55
  718.09,   595.23,   215.85
  719.97,   595.98,   340.83
  721.86,   596.72,   465.81
  843.28,   345.33,   215.44
  845.17,   346.07,   340.43
  847.05,   346.82,   465.41
  843.18,   470.33,   214.70
  845.06,   471.07,   339.68
  846.95,   471.81,   464.67
  843.07,   595.33,   213.96
  844.96,   596.07,   338.94
  846.84,   596.81,   463.93
  599.97,   353.04,   352.38
  597.47,   352.25,   477.35
  594.98,   351.45,   602.32
  599.68,   478.04,   353.17
  597.18,   477.24,   478.14
  594.68,   476.45,   603.11
  599.38,   603.04,   353.96
  596.89,   602.24,   478.93
  594.39,   601.45,   603.90
  724.95,   353.32,   354.88
  722.45,   352.52,   479.85
  719.95,   351.73,   604.82
  724.65,   478.32,   355.67
  722.15,   477.52,   480.64
  719.66,   476.73,   605.61
  724.36,   603.31,   356.45
  721.86,   602.52,   481.43
  719.36,   601.72,   606.40
  849.92,   353.60,   357.38
  847.42,   352.80,   482.35
  844.93,   352.01,   607.32
  849.63,   478.59,   358.16
  847.13,   477.80,   483.14
  844.63,   477.01,   608.11
  849.33,   603.59,   358.95
  846.84,   602.80,   483.93
  844.34,   602.00,   608.90
  590.38,   364.06,   473.67
  588.15,   363.98,   598.65
  585.92,   363.89,   723.63
  589.71,   489.06,   473.75
  587.48,   488.97,   598.73
  585.26,   488.89,   723.71
  589.04,   614.06,   473.82
  586.82,   613.97,   598.80
  584.59,   613.89,   723.78
  715.35,   364.72,   475.90
  713.13,   364.64,   600.88
  710.90,   364.56,   725.86
  714.69,   489.72,   475.97
  712.46,   489.64,   600.95
  710.24,   489.56,   725.93
  714.02,   614.72,   476.04
  711.80,   614.64,   601.02
  709.57,   614.55,   726.00
  840.33,   365.39,   478.13
  838.11,   365.31,   603.11
  835.88,   365.22,   728.09
  839.67,   490.39,   478.20
  837.44,   490.30,   603.18
  835.21,   490.22,   728.16
  839.00,   615.38,   478.27
  836.77,   615.30,   603.25
  834.55,   615.22,   728.23
  598.94,   347.76,   597.05
  599.61,   350.44,   722.02
  600.28,   353.12,   846.99
  598.29,   472.73,   594.37
  598.96,   475.41,   719.34
  599.63,   478.09,   844.31
  597.64,   597.70,   591.69
  598.31,   600.38,   716.66
  598.99,   603.06,   841.63
  723.93,   348.39,   596.36
  724.61,   351.07,   721.33
  725.28,   353.76,   846.30
  723.29,   473.36,   593.68
  723.96,   476.04,   718.65
  724.63,   478.73,   843.62
  722.64,   598.33,   591.00
  723.31,   601.01,   715.97
  723.98,   603.70,   840.94
  848.93,   349.02,   595.67
  849.60,   351.71,   720.64
  850.27,   354.39,   845.61
  848.28,   473.99,   592.99
  848.95,   476.68,   717.96
  849.63,   479.36,   842.93
  847.63,   598.96,   590.31
  848.31,   601.65,   715.28
  848.98,   604.33,   840.25
  600.91,   482.51,   104.10
  597.39,   483.79,   229.05
  593.87,   485.07,   353.99
  604.95,   607.44,   102.94
  601.42,   608.72,   227.88
  597.90,   610.00,   352.82
  608.98,   732.37,   101.77
  605.46,   733.65,   226.72
  601.93,   734.93,   351.66
  725.80,   478.51,   107.66
  722.28,   479.79,   232.61
  718.75,   481.07,   357.55
  729.83,   603.44,   106.50
  726.31,   604.72,   231.44
  722.79,   606.00,   356.39
  733.87,   728.37,   105.34
  730.34,   729.65,   230.28
  726.82,   730.93,   355.22
  850.68,   474.51,   111.23
  847.16,   475.79,   236.17
  843.64,   477.07,   361.11
  854.72,   599.44,   110.06
  851.19,   600.72,   235.01
  847.67,   602.00,   359.95
  858.75,   724.37,   108.90
  855.23,   725.65,   233.84
  851.70,   726.93,   358.79
  603.01,   473.34,   225.06
  599.71,   470.46,   349.98
  596.41,   467.57,   474.90
  602.27,   598.30,   227.92
  598.98,   595.42,   352.85
  595.68,   592.54,   477.77
  601.54,   723.27,   230.79
  598.24,   720.39,   355.71
  594.94,   717.50,   480.64
  727.96,   474.00,   228.37
  724.66,   471.11,   353.30
  721.37,   468.23,   478.22
  727.23,   598.96,   231.24
  723.93,   596.08,   356.16
  720.63,   593.20,   481.08
  726.49,   723.93,   234.10
  723.20,   721.04,   359.03
  719.90,   718.16,   483.95
  852.92,   474.66,   231.69
  849.62,   471.77,   356.61
  846.32,   468.89,   481.53
  852.18,   599.62,   234.55
  848.88,   596.74,   359.47
  845.59,   593.85,   484.40
  851.45,   724.59,   237.42
  848.15,   721.70,   362.34
  844.85,   718.82,   487.26
  593.94,   466.70,   344.48
  592.08,   468.65,   469.46
  590.23,   470.60,   594.43
  593.14,   591.68,   342.52
  591.29,   593.63,   467.49
  589.43,   595.58,   592.46
  592.34,   716.66,   340.56
  590.49,   718.61,   465.53
  588.64,   720.56,   590.50
  718.92,   467.52,   346.32
  717.07,   469.47,   471.30
  715.22,   471.42,   596.27
  718.12,   592.50,   344.36
  716.27,   594.45,   469.33
  714.42,   596.41,   594.30
  717.33,   717.49,   342.40
  715.47,   719.44,   467.37
  713.62,   721.39,   592.34
  843.90,   468.35,   348.16
  842.05,   470.30,   473.13
  840.20,   472.25,   598.11
  843.11,   593.33,   346.20
  841.25,   595.28,   471.17
  839.40,   597.23,   596.14
  842.31,   718.31,   344.24
  840.46,   720.26,   469.21
  838.61,   722.21,   594.18
  609.74,   480.34,   481.11
  612.41,   478.55,   606.07
  615.08,   476.77,   731.02
  611.22,   605.32,   482.86
  613.89,   603.53,   607.82
  616.56,   601.75,   732.78
  612.70,   730.30,   484.61
  615.37,   728.51,   609.57
  618.04,   726.73,   734.53
  734.70,   478.90,   478.42
  737.37,   477.11,   603.37
  740.04,   475.33,   728.33
  736.18,   603.88,   480.17
  738.85,   602.09,   605.13
  741.52,   600.31,   730.09
  737.66,   728.86,   481.92
  740.33,   727.07,   606.88
  743.00,   725.29,   731.84
  859.66,   477.46,   475.72
  862.34,   475.67,   600.68
  865.01,   473.89,   725.64
  861.14,   602.44,   477.48
  863.82,   600.65,   602.44
  866.49,   598.87,   727.39
  862.62,   727.41,   479.23
  865.29,   725.63,   604.19
  867.97,   723.84,   729.15
  609.84,   478.60,   607.07
  605.36,   475.20,   731.95
  600.89,   471.81,   856.82
  607.55,   603.53,   610.39
  603.07,   600.14,   735.26
  598.60,   596.74,   860.14
  605.26,   728.47,   613.70
  600.79,   725.07,   738.58
  596.31,   721.68,   863.45
  734.74,   480.76,   611.61
  730.26,   477.37,   736.48
  725.79,   473.97,   861.36
  732.45,   605.70,   614.92
  727.97,   602.30,   739.80
  723.50,   598.91,   864.67
  730.16,   730.63,   618.24
  725.68,   727.24,   743.11
  721.21,   723.85,   867.99
  859.64,   482.93,   616.15
  855.16,   479.54,   741.02
  850.69,   476.14,   865.89
  857.35,   607.87,   619.46
  852.87,   604.47,   744.33
  848.40,   601.08,   869.21
  855.06,   732.80,   622.77
  850.58,   729.41,   747.65
  846.11,   726.01,   872.52
  587.86,   619.17,   100.45
  589.00,   621.24,   225.43
  590.15,   623.32,   350.41
  587.31,   744.15,    98.38
  588.45,   746.22,   223.36
  589.59,   748.30,   348.34
  586.75,   869.13,    96.32
  587.90,   871.21,   221.29
  589.04,   873.28,   346.27
  712.85,   619.70,    99.30
  714.00,   621.78,   224.28
  715.14,   623.85,   349.25
  712.30,   744.69,    97.23
  713.44,   746.76,   222.21
  714.59,   748.83,   347.19
  711.74,   869.67,    95.16
  712.89,   871.74,   220.14
  714.03,   873.81,   345.12
  837.85,   620.24,    98.14
  838.99,   622.31,   223.12
  840.14,   624.38,   348.10
  837.29,   745.22,    96.08
  838.44,   747.29,   221.05
  839.58,   749.37,   346.03
  836.74,   870.20,    94.01
  837.88,   872.27,   218.99
  839.03,   874.35,   343.96
  606.26,   607.57,   231.68
  605.02,   604.84,   356.64
  603.77,   602.11,   481.60
  606.30,   732.54,   234.41
  605.06,   729.81,   359.37
  603.82,   727.08,   484.34
  606.34,   857.51,   237.14
  605.10,   854.78,   362.10
  603.86,   852.05,   487.07
  731.25,   607.50,   232.92
  730.01,   604.77,   357.88
  728.77,   602.04,   482.84
  731.29,   732.47,   235.65
  730.05,   729.74,   360.61
  728.81,   727.01,   485.58
  731.34,   857.44,   238.38
  730.10,   854.71,   363.34
  728.86,   851.98,   488.31
  856.24,   607.43,   234.16
  855.00,   604.70,   359.12
  853.76,   601.96,   484.08
  856.29,   732.40,   236.89
  855.05,   729.67,   361.85
  853.81,   726.93,   486.82
  856.33,   857.37,   239.62
  855.09,   854.64,   364.58
  853.85,   851.90,   489.55
  599.51,   590.18,   346.02
  603.40,   592.87,   470.93
  607.29,   595.57,   595.84
  601.05,   715.14,   343.28
  604.93,   717.83,   468.19
  608.82,   720.53,   593.10
  602.58,   840.10,   340.53
  606.47,   842.79,   465.44
  610.36,   845.49,   590.35
  724.44,   588.56,   342.17
  728.33,   591.25,   467.08
  732.22,   593.95,   591.99
  725.98,   713.52,   339.42
  729.86,   716.21,   464.33
  733.75,   718.91,   589.24
  727.51,   838.48,   336.68
  731.40,   841.17,   461.59
  735.29,   843.87,   586.50
  849.37,   586.93,   338.31
  853.26,   589.63,   463.22
  857.15,   592.33,   588.13
  850.91,   711.89,   335.57
  854.79,   714.59,   460.48
  858.68,   717.29,   585.39
  852.44,   836.86,   332.82
  856.33,   839.55,   457.74
  860.22,   842.25,   582.65
  598.87,   593.85,   472.73
  599.51,   598.34,   597.65
  600.15,   602.84,   722.57
  600.56,   718.76,   468.23
  601.20,   723.25,   593.14
  601.84,   727.75,   718.06
  602.25,   843.66,   463.72
  602.89,   848.16,   588.64
  603.53,   852.65,   713.56
  723.86,   592.14,   472.15
  724.50,   596.63,   597.07
  725.13,   601.13,   721.99
  725.55,   717.05,   467.65
  726.19,   721.54,   592.57
  726.82,   726.04,   717.49
  727.24,   841.95,   463.15
  727.87,   846.45,   588.06
  728.51,   850.94,   712.98
  848.85,   590.43,   471.58
  849.48,   594.92,   596.49
  850.12,   599.42,   721.41
  850.53,   715.34,   467.07
  851.17,   719.83,   591.99
  851.81,   724.33,   716.91
  852.22,   840.24,   462.57
  852.86,   844.74,   587.49
  853.50,   849.23,   712.41
  590.18,   604.06,   593.74
  594.19,   604.72,   718.67
  598.19,   605.37,   843.60
  586.76,   729.01,   593.19
  590.77,   729.67,   718.12
  594.77,   730.32,   843.06
  583.34,   853.96,   592.64
  587.35,   854.62,   717.58
  591.36,   855.28,   842.51
  715.07,   607.46,   589.71
  719.08,   608.11,   714.65
  723.08,   608.77,   839.58
  711.65,   732.41,   589.17
  715.66,   733.07,   714.10
  719.66,   733.72,   839.04
  708.23,   857.36,   588.62
  712.24,   858.02,   713.55
  716.24,   858.67,   838.49
  839.96,   610.86,   585.69
  843.96,   611.51,   710.63
  847.97,   612.17,   835.56
  836.54,   735.81,   585.15
  840.55,   736.47,   710.08
  844.55,   737.12,   835.01
  833.12,   860.76,   584.60
  837.13,   861.42,   709.53
  841.13,   862.07,   834.47
