27, 125, pa2-debug-f-output1.txt
  194.17,   211.14,   196.02
  400.11,   397.96,   203.59
   86.64,    99.74,    97.47
   87.65,   103.26,   222.41
   88.65,   106.77,   347.36
   86.36,   224.69,    93.95
   87.36,   228.21,   218.90
   88.36,   231.72,   343.85
   86.08,   349.64,    90.44
   87.08,   353.16,   215.39
   88.08,   356.67,   340.33
  211.64,   100.00,    96.46
  212.64,   103.51,   221.41
  213.64,   107.03,   346.35
  211.36,   224.95,    92.94
  212.36,   228.46,   217.89
  213.36,   231.98,   342.84
  211.07,   349.90,    89.43
  212.07,   353.41,   214.38
  213.08,   356.93,   339.32
  336.64,   100.25,    95.45
  337.64,   103.77,   220.40
  338.64,   107.28,   345.34
  336.35,   225.20,    91.94
  337.35,   228.72,   216.88
  338.35,   232.23,   341.83
  336.07,   350.15,    88.42
  337.07,   353.67,   213.37
  338.07,   357.18,   338.32
   93.62,   105.51,   225.25
   91.89,   107.87,   350.22
   90.16,   110.24,   475.18
   96.86,   230.44,   222.93
   95.13,   232.81,   347.89
   93.41,   235.18,   472.86
  100.10,   355.38,   220.61
   98.37,   357.75,   345.57
   96.65,   360.11,   470.54
  218.56,   102.30,   227.04
  216.84,   104.67,   352.00
  215.11,   107.03,   476.97
  221.81,   227.23,   224.72
  220.08,   229.60,   349.68
  218.35,   231.97,   474.65
  225.05,   352.17,   222.39
  223.32,   354.54,   347.36
  221.59,   356.91,   472.32
  343.51,    99.09,   228.82
  341.78,   101.46,   353.79
  340.06,   103.82,   478.76
  346.75,   224.02,   226.50
  345.02,   226.39,   351.47
  343.30,   228.76,   476.43
  349.99,   348.96,   224.18
  348.27,   351.33,   349.15
  346.54,   353.70,   474.11
  105.05,   109.09,   349.97
  103.66,   111.88,   474.94
  102.27,   114.67,   599.90
  106.20,   234.06,   347.20
  104.81,   236.85,   472.16
  103.42,   239.64,   597.12
  107.35,   359.02,   344.42
  105.96,   361.81,   469.38
  104.56,   364.60,   594.35
  230.04,   107.98,   351.39
  228.65,   110.77,   476.35
  227.25,   113.56,   601.32
  231.19,   232.94,   348.62
  229.80,   235.73,   473.58
  228.40,   238.52,   598.54
  232.34,   357.91,   345.84
  230.94,   360.70,   470.80
  229.55,   363.48,   595.76
  355.03,   106.86,   352.81
  353.64,   109.65,   477.77
  352.24,   112.44,   602.73
  356.18,   231.83,   350.04
  354.78,   234.62,   475.00
  353.39,   237.40,   599.96
  357.32,   356.79,   347.26
  355.93,   359.58,   472.22
  354.54,   362.37,   597.18
  109.84,    89.92,   473.78
  112.13,    90.18,   598.76
  114.42,    90.45,   723.74
  108.21,   214.91,   473.55
  110.50,   215.17,   598.53
  112.79,   215.44,   723.50
  106.59,   339.89,   473.31
  108.88,   340.16,   598.29
  111.17,   340.43,   723.27
  234.81,    91.54,   471.49
  237.10,    91.80,   596.47
  239.39,    92.07,   721.44
  233.18,   216.53,   471.25
  235.47,   216.79,   596.23
  237.76,   217.06,   721.21
  231.55,   341.52,   471.02
  233.84,   341.78,   595.99
  236.14,   342.05,   720.97
  359.77,    93.16,   469.19
  362.06,    93.42,   594.17
  364.36,    93.69,   719.15
  358.15,   218.15,   468.96
  360.44,   218.41,   593.94
  362.73,   218.68,   718.91
  356.52,   343.14,   468.72
  358.81,   343.40,   593.70
  361.10,   343.67,   718.68
  105.83,   102.03,   598.92
  105.16,   103.70,   723.91
  104.48,   105.36,   848.89
  109.33,   226.97,   597.28
  108.66,   228.64,   722.26
  107.99,   230.30,   847.25
  112.84,   351.91,   595.63
  112.17,   353.58,   720.62
  111.49,   355.24,   845.61
  230.78,    98.54,   599.64
  230.11,   100.20,   724.62
  229.43,   101.86,   849.61
  234.28,   223.48,   598.00
  233.61,   225.14,   722.98
  232.94,   226.80,   847.97
  237.79,   348.42,   596.35
  237.12,   350.08,   721.34
  236.44,   351.74,   846.33
  355.73,    95.04,   600.36
  355.05,    96.70,   725.34
  354.38,    98.37,   850.33
  359.23,   219.98,   598.71
  358.56,   221.64,   723.70
  357.89,   223.31,   848.69
  362.74,   344.92,   597.07
  362.06,   346.58,   722.06
  361.39,   348.25,   847.05
  107.06,   225.08,   100.25
  106.87,   223.79,   225.24
  106.67,   222.50,   350.23
  108.63,   350.06,   101.54
  108.43,   348.77,   226.53
  108.23,   347.48,   351.53
  110.19,   475.05,   102.84
  109.99,   473.76,   227.83
  109.79,   472.46,   352.82
  232.05,   223.52,   100.43
  231.86,   222.23,   225.42
  231.66,   220.93,   350.41
  233.62,   348.50,   101.72
  233.42,   347.21,   226.71
  233.22,   345.92,   351.71
  235.18,   473.49,   103.02
  234.98,   472.19,   228.01
  234.78,   470.90,   353.00
  357.04,   221.95,   100.61
  356.85,   220.66,   225.60
  356.65,   219.37,   350.59
  358.61,   346.94,   101.90
  358.41,   345.65,   226.89
  358.21,   344.35,   351.89
  360.17,   471.92,   103.20
  359.97,   470.63,   228.19
  359.77,   469.34,   353.18
  102.91,   231.99,   227.35
  106.02,   232.43,   352.31
  109.14,   232.86,   477.27
  105.50,   356.96,   226.85
  108.61,   357.40,   351.81
  111.73,   357.84,   476.77
  108.09,   481.94,   226.35
  111.20,   482.37,   351.31
  114.32,   482.81,   476.27
  227.85,   229.39,   224.24
  230.96,   229.83,   349.21
  234.07,   230.26,   474.17
  230.43,   354.36,   223.74
  233.55,   354.80,   348.70
  236.66,   355.23,   473.67
  233.02,   479.34,   223.24
  236.14,   479.77,   348.20
  239.25,   480.21,   473.17
  352.78,   226.79,   221.14
  355.89,   227.23,   346.10
  359.01,   227.66,   471.06
  355.37,   351.76,   220.64
  358.48,   352.20,   345.60
  361.60,   352.63,   470.56
  357.96,   476.74,   220.14
  361.07,   477.17,   345.10
  364.18,   477.61,   470.06
   92.75,   235.30,   351.51
   96.10,   231.03,   476.39
   99.45,   226.77,   601.27
   88.48,   360.15,   355.89
   91.84,   355.88,   480.77
   95.19,   351.62,   605.65
   84.22,   485.00,   360.26
   87.57,   480.73,   485.15
   90.92,   476.47,   610.03
  217.63,   239.67,   348.31
  220.98,   235.41,   473.19
  224.33,   231.14,   598.07
  213.37,   364.52,   352.69
  216.72,   360.26,   477.57
  220.07,   355.99,   602.45
  209.11,   489.37,   357.06
  212.46,   485.11,   481.95
  215.81,   480.84,   606.83
  342.51,   244.04,   345.11
  345.86,   239.78,   469.99
  349.21,   235.51,   594.87
  338.25,   368.90,   349.48
  341.60,   364.63,   474.37
  344.95,   360.37,   599.25
  333.99,   493.75,   353.86
  337.34,   489.48,   478.74
  340.69,   485.22,   603.63
   95.40,   225.38,   476.46
   97.66,   226.44,   601.44
   99.93,   227.50,   726.41
   98.60,   350.34,   475.35
  100.87,   351.39,   600.32
  103.13,   352.45,   725.30
  101.81,   475.29,   474.23
  104.08,   476.35,   599.21
  106.34,   477.40,   724.18
  220.34,   222.16,   474.22
  222.60,   223.21,   599.20
  224.86,   224.27,   724.17
  223.54,   347.11,   473.11
  225.81,   348.17,   598.09
  228.07,   349.22,   723.06
  226.75,   472.07,   472.00
  229.01,   473.12,   596.97
  231.28,   474.18,   721.95
  345.27,   218.93,   471.99
  347.54,   219.99,   596.96
  349.80,   221.04,   721.94
  348.48,   343.89,   470.87
  350.75,   344.94,   595.85
  353.01,   346.00,   720.82
  351.69,   468.84,   469.76
  353.95,   469.90,   594.74
  356.22,   470.95,   719.71
  106.26,   226.09,   600.99
  105.76,   227.83,   725.97
  105.26,   229.57,   850.96
  105.16,   351.07,   599.24
  104.66,   352.81,   724.23
  104.16,   354.56,   849.21
  104.06,   476.05,   597.49
  103.56,   477.80,   722.48
  103.06,   479.54,   847.47
  231.25,   227.19,   601.47
  230.75,   228.94,   726.46
  230.25,   230.68,   851.44
  230.15,   352.18,   599.72
  229.66,   353.92,   724.71
  229.16,   355.66,   849.70
  229.06,   477.16,   597.98
  228.56,   478.90,   722.96
  228.06,   480.65,   847.95
  356.25,   228.30,   601.95
  355.75,   230.04,   726.94
  355.25,   231.79,   851.93
  355.15,   353.28,   600.21
  354.65,   355.03,   725.19
  354.15,   356.77,   850.18
  354.05,   478.27,   598.46
  353.55,   480.01,   723.45
  353.05,   481.75,   848.43
   99.66,   356.26,   103.51
   97.02,   358.23,   228.47
   94.39,   360.19,   353.42
   96.38,   481.21,   101.48
   93.74,   483.17,   226.43
   91.11,   485.13,   351.39
   93.10,   606.15,    99.45
   90.47,   608.11,   224.40
   87.83,   610.07,   349.36
  224.59,   359.58,   106.09
  221.95,   361.55,   231.05
  219.32,   363.51,   356.01
  221.31,   484.52,   104.06
  218.67,   486.49,   229.02
  216.04,   488.45,   353.97
  218.03,   609.46,   102.03
  215.40,   611.43,   226.98
  212.76,   613.39,   351.94
  349.51,   362.90,   108.67
  346.88,   364.86,   233.63
  344.25,   366.83,   358.59
  346.24,   487.84,   106.64
  343.60,   489.80,   231.60
  340.97,   491.77,   356.56
  342.96,   612.78,   104.61
  340.33,   614.75,   229.57
  337.69,   616.71,   354.52
   88.11,   350.82,   222.76
   90.94,   349.40,   347.72
   93.78,   347.98,   472.68
   88.11,   475.81,   224.18
   90.95,   474.39,   349.14
   93.78,   472.98,   474.10
   88.12,   600.80,   225.60
   90.95,   599.38,   350.56
   93.78,   597.97,   475.52
  213.08,   350.85,   219.93
  215.91,   349.43,   344.89
  218.74,   348.01,   469.85
  213.08,   475.84,   221.35
  215.91,   474.42,   346.31
  218.75,   473.00,   471.27
  213.09,   600.83,   222.76
  215.92,   599.41,   347.72
  218.75,   598.00,   472.68
  338.05,   350.87,   217.10
  340.88,   349.46,   342.06
  343.71,   348.04,   467.02
  338.05,   475.87,   218.51
  340.88,   474.45,   343.47
  343.71,   473.03,   468.43
  338.05,   600.86,   219.93
  340.89,   599.44,   344.89
  343.72,   598.02,   469.85
   88.91,   337.41,   347.28
   92.36,   338.76,   472.22
   95.81,   340.12,   597.17
   89.74,   462.40,   345.90
   93.20,   463.75,   470.84
   96.65,   465.11,   595.79
   90.58,   587.39,   344.52
   94.03,   588.74,   469.46
   97.49,   590.10,   594.41
  213.86,   336.53,   343.83
  217.31,   337.89,   468.78
  220.76,   339.25,   593.72
  214.69,   461.52,   342.45
  218.15,   462.88,   467.40
  221.60,   464.23,   592.34
  215.53,   586.51,   341.07
  218.98,   587.87,   466.02
  222.44,   589.22,   590.96
  338.81,   335.66,   340.39
  342.26,   337.02,   465.33
  345.71,   338.37,   590.28
  339.64,   460.65,   339.01
  343.10,   462.00,   463.95
  346.55,   463.36,   588.90
  340.48,   585.64,   337.63
  343.93,   586.99,   462.58
  347.39,   588.35,   587.52
   99.13,   352.82,   476.83
   95.50,   354.34,   601.77
   91.87,   355.86,   726.71
   98.33,   477.81,   475.29
   94.69,   479.33,   600.22
   91.06,   480.85,   725.16
   97.52,   602.79,   473.74
   93.89,   604.32,   598.68
   90.26,   605.84,   723.62
  224.07,   353.67,   480.45
  220.44,   355.19,   605.39
  216.81,   356.71,   730.33
  223.27,   478.65,   478.91
  219.64,   480.18,   603.85
  216.01,   481.70,   728.78
  222.47,   603.64,   477.36
  218.83,   605.16,   602.30
  215.20,   606.69,   727.24
  349.02,   354.51,   484.08
  345.39,   356.04,   609.01
  341.76,   357.56,   733.95
  348.22,   479.50,   482.53
  344.58,   481.02,   607.47
  340.95,   482.55,   732.41
  347.41,   604.49,   480.98
  343.78,   606.01,   605.92
  340.15,   607.54,   730.86
  105.12,   351.83,   600.87
  101.54,   353.29,   725.81
   97.97,   354.75,   850.75
  104.89,   476.82,   599.40
  101.31,   478.28,   724.34
   97.73,   479.74,   849.28
  104.65,   601.81,   597.93
  101.07,   603.27,   722.87
   97.50,   604.73,   847.81
  230.07,   352.10,   604.44
  226.49,   353.57,   729.38
  222.92,   355.03,   854.32
  229.83,   477.09,   602.97
  226.26,   478.56,   727.91
  222.68,   480.02,   852.85
  229.60,   602.09,   601.50
  226.02,   603.55,   726.44
  222.45,   605.01,   851.39
  355.02,   352.38,   608.02
  351.44,   353.84,   732.96
  347.87,   355.30,   857.90
  354.78,   477.37,   606.55
  351.21,   478.83,   731.49
  347.63,   480.30,   856.43
  354.55,   602.36,   605.08
  350.97,   603.83,   730.02
  347.39,   605.29,   854.96
  106.83,   482.59,   104.57
  107.44,   480.36,   229.55
  108.04,   478.14,   354.53
  108.15,   607.56,   106.79
  108.75,   605.33,   231.77
  109.36,   603.11,   356.75
  109.47,   732.53,   109.01
  110.07,   730.31,   233.99
  110.68,   728.08,   358.97
  231.83,   481.28,   103.95
  232.43,   479.05,   228.93
  233.03,   476.83,   353.91
  233.14,   606.25,   106.17
  233.75,   604.03,   231.14
  234.35,   601.80,   356.12
  234.46,   731.22,   108.38
  235.06,   729.00,   233.36
  235.67,   726.78,   358.34
  356.82,   479.97,   103.32
  357.42,   477.75,   228.30
  358.02,   475.52,   353.28
  358.14,   604.94,   105.54
  358.74,   602.72,   230.52
  359.34,   600.50,   355.50
  359.45,   729.92,   107.76
  360.06,   727.69,   232.74
  360.66,   725.47,   357.71
  113.16,   483.39,   229.15
  112.01,   482.99,   354.14
  110.85,   482.59,   479.14
  117.38,   608.32,   229.59
  116.22,   607.92,   354.58
  115.07,   607.52,   479.57
  121.59,   733.24,   230.03
  120.44,   732.84,   355.02
  119.29,   732.44,   480.01
  238.09,   479.17,   230.29
  236.93,   478.77,   355.28
  235.78,   478.37,   480.28
  242.30,   604.10,   230.73
  241.15,   603.70,   355.72
  239.99,   603.30,   480.72
  246.52,   729.02,   231.17
  245.36,   728.62,   356.16
  244.21,   728.22,   481.15
  363.01,   474.95,   231.43
  361.86,   474.55,   356.42
  360.70,   474.15,   481.42
  367.23,   599.88,   231.87
  366.07,   599.48,   356.86
  364.92,   599.08,   481.86
  371.44,   724.80,   232.31
  370.29,   724.40,   357.30
  369.13,   724.00,   482.29
  111.53,   477.25,   352.74
  110.50,   477.83,   477.74
  109.47,   478.41,   602.73
  114.60,   602.21,   352.19
  113.57,   602.79,   477.19
  112.53,   603.37,   602.18
  117.66,   727.18,   351.64
  116.63,   727.75,   476.63
  115.60,   728.33,   601.63
  236.49,   474.19,   353.79
  235.46,   474.77,   478.78
  234.43,   475.35,   603.78
  239.56,   599.15,   353.24
  238.52,   599.73,   478.23
  237.49,   600.31,   603.23
  242.62,   724.12,   352.68
  241.59,   724.69,   477.68
  240.56,   725.27,   602.67
  361.45,   471.13,   354.83
  360.42,   471.71,   479.83
  359.39,   472.29,   604.82
  364.51,   596.10,   354.28
  363.48,   596.67,   479.28
  362.45,   597.25,   604.27
  367.58,   721.06,   353.73
  366.55,   721.63,   478.72
  365.52,   722.21,   603.72
   98.96,   464.11,   470.68
   98.46,   468.82,   595.59
   97.97,   473.53,   720.50
   99.70,   589.02,   465.97
   99.21,   593.73,   590.88
   98.71,   598.44,   715.79
  100.44,   713.93,   461.27
   99.95,   718.64,   586.18
   99.45,   723.35,   711.09
  223.96,   463.39,   471.20
  223.46,   468.10,   596.11
  222.97,   472.81,   721.02
  224.70,   588.30,   466.49
  224.20,   593.01,   591.41
  223.71,   597.72,   716.32
  225.44,   713.21,   461.79
  224.94,   717.92,   586.70
  224.45,   722.63,   711.61
  348.95,   462.67,   471.72
  348.46,   467.38,   596.63
  347.96,   472.09,   721.54
  349.69,   587.58,   467.02
  349.20,   592.29,   591.93
  348.70,   597.00,   716.84
  350.43,   712.49,   462.31
  349.94,   717.20,   587.22
  349.45,   721.91,   712.13
  100.57,   476.58,   600.53
  102.31,   477.64,   725.52
  104.05,   478.69,   850.50
  102.68,   601.56,   599.45
  104.42,   602.61,   724.43
  106.16,   603.67,   849.42
  104.78,   726.54,   598.36
  106.52,   727.59,   723.35
  108.27,   728.65,   848.33
  225.54,   474.46,   598.81
  227.28,   475.52,   723.79
  229.02,   476.57,   848.78
  227.65,   599.44,   597.73
  229.39,   600.49,   722.71
  231.13,   601.55,   847.69
  229.75,   724.42,   596.64
  231.49,   725.47,   721.62
  233.24,   726.53,   846.61
  350.51,   472.34,   597.09
  352.25,   473.39,   722.07
  353.99,   474.45,   847.05
  352.62,   597.32,   596.00
  354.36,   598.37,   720.98
  356.10,   599.43,   845.97
  354.72,   722.29,   594.92
  356.46,   723.35,   719.90
  358.21,   724.40,   844.88
  102.37,   593.73,    96.63
  100.12,   591.07,   221.58
   97.87,   588.41,   346.53
  102.51,   718.70,    99.29
  100.26,   716.04,   224.24
   98.01,   713.38,   349.19
  102.65,   843.67,   101.95
  100.40,   841.01,   226.90
   98.15,   838.35,   351.85
  227.35,   593.54,    98.87
  225.10,   590.88,   223.82
  222.85,   588.22,   348.77
  227.49,   718.51,   101.53
  225.24,   715.85,   226.49
  222.99,   713.19,   351.44
  227.63,   843.48,   104.20
  225.38,   840.82,   229.15
  223.13,   838.16,   354.10
  352.33,   593.35,   101.12
  350.08,   590.69,   226.07
  347.83,   588.03,   351.02
  352.47,   718.32,   103.78
  350.22,   715.66,   228.73
  347.97,   713.00,   353.68
  352.61,   843.30,   106.44
  350.36,   840.64,   231.39
  348.11,   837.98,   356.35
  101.44,   606.30,   227.38
   99.99,   605.18,   352.37
   98.55,   604.05,   477.35
  103.56,   731.28,   228.53
  102.11,   730.15,   353.52
  100.67,   729.03,   478.50
  105.68,   856.26,   229.68
  104.23,   855.13,   354.67
  102.79,   854.00,   479.66
  226.41,   604.17,   228.81
  224.96,   603.04,   353.79
  223.52,   601.92,   478.78
  228.53,   729.15,   229.96
  227.08,   728.02,   354.94
  225.64,   726.89,   479.93
  230.65,   854.12,   231.11
  229.20,   853.00,   356.09
  227.76,   851.87,   481.08
  351.38,   602.04,   230.23
  349.94,   600.91,   355.22
  348.49,   599.78,   480.21
  353.50,   727.01,   231.38
  352.06,   725.89,   356.37
  350.61,   724.76,   481.36
  355.62,   851.99,   232.53
  354.18,   850.86,   357.52
  352.73,   849.74,   482.51
   99.96,   591.46,   345.32
   95.93,   595.73,   470.18
   91.89,   600.00,   595.04
   96.71,   716.34,   340.94
   92.68,   720.61,   465.80
   88.64,   724.88,   590.67
   93.46,   841.22,   336.57
   89.42,   845.49,   461.43
   85.39,   849.76,   586.29
  224.86,   594.85,   349.24
  220.82,   599.12,   474.10
  216.79,   603.39,   598.96
  221.60,   719.73,   344.86
  217.57,   724.00,   469.72
  213.53,   728.27,   594.59
  218.35,   844.61,   340.49
  214.32,   848.88,   465.35
  210.28,   853.15,   590.21
  349.75,   598.24,   353.16
  345.71,   602.51,   478.02
  341.68,   606.78,   602.88
  346.50,   723.12,   348.78
  342.46,   727.39,   473.65
  338.43,   731.66,   598.51
  343.24,   848.00,   344.41
  339.21,   852.27,   469.27
  335.17,   856.54,   594.13
   96.32,   591.68,   468.92
   97.49,   593.03,   593.91
   98.67,   594.38,   718.89
   97.61,   716.67,   467.56
   98.79,   718.02,   592.54
   99.96,   719.37,   717.53
   98.90,   841.66,   466.20
  100.08,   843.00,   591.18
  101.25,   844.35,   716.17
  221.31,   590.38,   467.76
  222.48,   591.73,   592.75
  223.65,   593.08,   717.73
  222.60,   715.36,   466.40
  223.77,   716.71,   591.38
  224.95,   718.06,   716.37
  223.89,   840.35,   465.04
  225.07,   841.70,   590.02
  226.24,   843.05,   715.01
  346.29,   589.07,   466.60
  347.47,   590.42,   591.59
  348.64,   591.77,   716.57
  347.59,   714.06,   465.24
  348.76,   715.41,   590.22
  349.94,   716.76,   715.21
  348.88,   839.05,   463.88
  350.05,   840.39,   588.86
  351.23,   841.74,   713.85
   99.32,   589.91,   594.20
  102.64,   588.42,   719.14
  105.95,   586.93,   844.09
   96.81,   714.87,   595.75
  100.13,   713.38,   720.70
  103.44,   711.90,   845.64
   94.30,   839.84,   597.30
   97.61,   838.35,   722.25
  100.93,   836.86,   847.20
  224.25,   592.46,   590.91
  227.57,   590.97,   715.86
  230.89,   589.49,   840.81
  221.74,   717.42,   592.47
  225.06,   715.94,   717.41
  228.37,   714.45,   842.36
  219.23,   842.39,   594.02
  222.54,   840.90,   718.97
  225.86,   839.42,   843.91
  349.19,   595.01,   587.63
  352.50,   593.53,   712.57
  355.82,   592.04,   837.52
  346.67,   719.98,   589.18
  349.99,   718.49,   714.13
  353.30,   717.01,   839.08
  344.16,   844.94,   590.73
  347.47,   843.46,   715.68
  350.79,   841.97,   840.63
  215.00,    94.38,    98.61
  216.76,    95.58,   223.59
  218.53,    96.79,   348.57
  216.84,   219.36,    97.38
  218.61,   220.56,   222.36
  220.38,   221.77,   347.34
  218.69,   344.34,    96.15
  220.46,   345.54,   221.13
  222.22,   346.75,   346.11
  339.97,    92.51,    96.86
  341.74,    93.72,   221.84
  343.50,    94.93,   346.82
  341.82,   217.49,    95.63
  343.58,   218.70,   220.61
  345.35,   219.91,   345.59
  343.66,   342.47,    94.40
  345.43,   343.68,   219.38
  347.20,   344.89,   344.36
  464.94,    90.65,    95.11
  466.71,    91.86,   220.09
  468.48,    93.06,   345.07
  466.79,   215.63,    93.88
  468.56,   216.84,   218.86
  470.33,   218.04,   343.84
  468.64,   340.61,    92.65
  470.40,   341.82,   217.63
  472.17,   343.02,   342.61
  232.53,    89.86,   225.63
  229.14,    94.68,   350.49
  225.76,    99.50,   475.35
  231.12,   214.76,   220.77
  227.73,   219.58,   345.64
  224.35,   224.40,   470.50
  229.70,   339.66,   215.92
  226.32,   344.48,   340.78
  222.93,   349.29,   465.64
  357.47,    91.41,   228.96
  354.09,    96.22,   353.82
  350.70,   101.04,   478.68
  356.06,   216.30,   224.10
  352.68,   221.12,   348.96
  349.29,   225.94,   473.82
  354.65,   341.20,   219.25
  351.26,   346.02,   344.11
  347.88,   350.84,   468.97
  482.42,    92.95,   232.29
  479.04,    97.77,   357.15
  475.65,   102.58,   482.01
  481.01,   217.85,   227.43
  477.62,   222.66,   352.29
  474.24,   227.48,   477.15
  479.60,   342.74,   222.57
  476.21,   347.56,   347.43
  472.83,   352.38,   472.30
  223.32,   109.64,   352.08
  225.23,   112.08,   477.04
  227.14,   114.51,   602.00
  221.17,   234.60,   349.68
  223.08,   237.04,   474.64
  224.98,   239.47,   599.60
  219.02,   359.56,   347.28
  220.92,   362.00,   472.24
  222.83,   364.43,   597.20
  348.29,   111.76,   350.13
  350.20,   114.19,   475.10
  352.10,   116.63,   600.06
  346.14,   236.72,   347.73
  348.04,   239.15,   472.69
  349.95,   241.59,   597.66
  343.98,   361.68,   345.33
  345.89,   364.11,   470.29
  347.80,   366.55,   595.25
  473.26,   113.88,   348.19
  475.16,   116.31,   473.15
  477.07,   118.74,   598.11
  471.10,   238.83,   345.79
  473.01,   241.27,   470.75
  474.92,   243.70,   595.71
  468.95,   363.79,   343.38
  470.86,   366.23,   468.35
  472.76,   368.66,   593.31
  233.45,    91.55,   474.84
  234.70,    92.81,   599.83
  235.96,    94.07,   724.82
  229.38,   216.47,   473.62
  230.63,   217.74,   598.61
  231.89,   219.00,   723.60
  225.31,   341.40,   472.41
  226.56,   342.66,   597.39
  227.82,   343.92,   722.38
  358.37,    95.60,   473.55
  359.63,    96.86,   598.53
  360.89,    98.13,   723.52
  354.30,   220.53,   472.33
  355.56,   221.79,   597.31
  356.82,   223.05,   722.30
  350.23,   345.46,   471.11
  351.49,   346.72,   596.09
  352.75,   347.98,   721.08
  483.30,    99.66,   472.25
  484.56,   100.92,   597.24
  485.82,   102.18,   722.22
  479.23,   224.59,   471.03
  480.49,   225.85,   596.02
  481.75,   227.11,   721.00
  475.16,   349.52,   469.81
  476.42,   350.78,   594.80
  477.68,   352.04,   719.78
  222.87,    94.75,   599.91
  224.93,    95.95,   724.89
  226.99,    97.15,   849.87
  222.71,   219.75,   598.71
  224.78,   220.95,   723.69
  226.84,   222.15,   848.67
  222.56,   344.74,   597.52
  224.62,   345.94,   722.49
  226.68,   347.14,   847.47
  347.85,    94.89,   597.85
  349.91,    96.09,   722.83
  351.97,    97.29,   847.80
  347.70,   219.88,   596.65
  349.76,   221.08,   721.63
  351.82,   222.28,   846.60
  347.54,   344.87,   595.45
  349.60,   346.08,   720.43
  351.67,   347.28,   845.41
  472.83,    95.02,   595.79
  474.90,    96.22,   720.76
  476.96,    97.42,   845.74
  472.68,   220.02,   594.59
  474.74,   221.22,   719.56
  476.80,   222.42,   844.54
  472.52,   345.01,   593.39
  474.59,   346.21,   718.37
  476.65,   347.41,   843.34
  219.14,   222.05,    97.45
  221.32,   219.92,   222.41
  223.50,   217.80,   347.38
  217.18,   347.02,    99.61
  219.36,   344.89,   224.58
  221.54,   342.76,   349.54
  215.22,   471.98,   101.78
  217.41,   469.86,   226.74
  219.59,   467.73,   351.70
  344.10,   224.04,    95.30
  346.28,   221.92,   220.27
  348.46,   219.79,   345.23
  342.15,   349.01,    97.47
  344.33,   346.88,   222.43
  346.51,   344.75,   347.39
  340.19,   473.98,    99.63
  342.37,   471.85,   224.59
  344.55,   469.72,   349.55
  469.07,   226.04,    93.16
  471.25,   223.91,   218.12
  473.43,   221.78,   343.08
  467.11,   351.00,    95.32
  469.29,   348.87,   220.28
  471.47,   346.75,   345.25
  465.16,   475.97,    97.48
  467.34,   473.84,   222.44
  469.52,   471.71,   347.41
  217.57,   233.48,   226.15
  216.92,   231.75,   351.13
  216.26,   230.02,   476.12
  217.58,   358.46,   227.88
  216.92,   356.74,   352.86
  216.27,   355.01,   477.85
  217.59,   483.45,   229.60
  216.93,   481.72,   354.59
  216.27,   480.00,   479.58
  342.57,   233.46,   226.80
  341.91,   231.73,   351.79
  341.26,   230.00,   476.78
  342.58,   358.45,   228.53
  341.92,   356.72,   353.52
  341.26,   354.99,   478.50
  342.59,   483.44,   230.26
  341.93,   481.71,   355.25
  341.27,   479.98,   480.23
  467.57,   233.44,   227.46
  466.91,   231.72,   352.45
  466.26,   229.99,   477.43
  467.58,   358.43,   229.19
  466.92,   356.70,   354.17
  466.26,   354.98,   479.16
  467.58,   483.42,   230.92
  466.93,   481.69,   355.90
  466.27,   479.96,   480.89
  212.54,   216.99,   346.83
  215.83,   216.77,   471.79
  219.12,   216.56,   596.75
  210.86,   341.98,   347.10
  214.15,   341.76,   472.05
  217.45,   341.54,   597.01
  209.19,   466.97,   347.36
  212.48,   466.75,   472.32
  215.77,   466.53,   597.27
  337.48,   218.67,   343.55
  340.77,   218.45,   468.50
  344.07,   218.24,   593.46
  335.81,   343.66,   343.81
  339.10,   343.44,   468.77
  342.39,   343.22,   593.72
  334.13,   468.65,   344.07
  337.43,   468.43,   469.03
  340.72,   468.21,   593.98
  462.43,   220.35,   340.26
  465.72,   220.14,   465.21
  469.01,   219.92,   590.17
  460.75,   345.34,   340.52
  464.05,   345.12,   465.48
  467.34,   344.90,   590.43
  459.08,   470.33,   340.78
  462.37,   470.11,   465.74
  465.66,   469.89,   590.70
  216.31,   234.93,   474.51
  219.35,   234.49,   599.47
  222.38,   234.05,   724.44
  212.85,   359.88,   475.04
  215.89,   359.44,   600.00
  218.93,   359.00,   724.96
  209.39,   484.83,   475.56
  212.43,   484.39,   600.52
  215.47,   483.95,   725.48
  341.22,   238.40,   471.49
  344.26,   237.96,   596.45
  347.30,   237.52,   721.41
  337.77,   363.35,   472.01
  340.80,   362.91,   596.97
  343.84,   362.47,   721.94
  334.31,   488.30,   472.53
  337.35,   487.86,   597.50
  340.39,   487.42,   722.46
  466.14,   241.86,   468.46
  469.18,   241.43,   593.43
  472.22,   240.99,   718.39
  462.68,   366.82,   468.99
  465.72,   366.38,   593.95
  468.76,   365.94,   718.91
  459.23,   491.77,   469.51
  462.26,   491.33,   594.47
  465.30,   490.89,   719.43
  234.70,   231.99,   601.59
  236.10,   231.09,   726.58
  237.51,   230.18,   851.57
  234.06,   356.99,   602.50
  235.46,   356.08,   727.49
  236.87,   355.18,   852.48
  233.42,   481.98,   603.41
  234.83,   481.08,   728.40
  236.23,   480.17,   853.39
  359.69,   232.64,   600.19
  361.09,   231.73,   725.18
  362.50,   230.83,   850.16
  359.05,   357.63,   601.10
  360.45,   356.73,   726.09
  361.86,   355.82,   851.08
  358.41,   482.63,   602.01
  359.82,   481.72,   727.00
  361.22,   480.82,   851.99
  484.68,   233.29,   598.78
  486.08,   232.38,   723.77
  487.49,   231.48,   848.76
  484.04,   358.28,   599.70
  485.45,   357.38,   724.68
  486.85,   356.47,   849.67
  483.40,   483.28,   600.61
  484.81,   482.37,   725.60
  486.21,   481.47,   850.59
  228.93,   336.89,    99.13
  225.14,   339.70,   224.04
  221.35,   342.51,   348.95
  229.59,   461.85,    96.33
  225.80,   464.67,   221.25
  222.01,   467.48,   346.16
  230.25,   586.82,    93.54
  226.46,   589.63,   218.45
  222.67,   592.45,   343.36
  353.87,   336.32,   102.93
  350.08,   339.13,   227.84
  346.29,   341.94,   352.75
  354.53,   461.28,   100.14
  350.74,   464.09,   225.05
  346.95,   466.91,   349.96
  355.19,   586.25,    97.35
  351.40,   589.06,   222.26
  347.61,   591.87,   347.17
  478.81,   335.74,   106.74
  475.02,   338.56,   231.65
  471.23,   341.37,   356.56
  479.47,   460.71,   103.94
  475.68,   463.52,   228.85
  471.89,   466.34,   353.76
  480.13,   585.68,   101.15
  476.34,   588.49,   226.06
  472.55,   591.30,   350.97
  218.92,   346.11,   221.20
  218.29,   346.56,   346.20
  217.66,   347.01,   471.20
  219.55,   471.11,   220.75
  218.92,   471.56,   345.75
  218.28,   472.01,   470.75
  220.17,   596.11,   220.30
  219.54,   596.56,   345.30
  218.91,   597.01,   470.30
  343.92,   345.49,   221.83
  343.29,   345.94,   346.83
  342.66,   346.39,   471.83
  344.54,   470.49,   221.39
  343.91,   470.94,   346.38
  343.28,   471.39,   471.38
  345.16,   595.49,   220.94
  344.53,   595.94,   345.94
  343.90,   596.39,   470.93
  468.92,   344.87,   222.47
  468.29,   345.32,   347.47
  467.66,   345.77,   472.46
  469.54,   469.87,   222.02
  468.91,   470.32,   347.02
  468.28,   470.77,   472.01
  470.16,   594.87,   221.57
  469.53,   595.32,   346.57
  468.90,   595.77,   471.57
  225.24,   355.54,   353.12
  228.64,   355.73,   478.08
  232.04,   355.92,   603.03
  224.14,   480.53,   352.96
  227.54,   480.73,   477.92
  230.94,   480.92,   602.87
  223.04,   605.53,   352.80
  226.44,   605.72,   477.75
  229.84,   605.91,   602.71
  350.18,   356.63,   349.72
  353.59,   356.82,   474.68
  356.99,   357.02,   599.63
  349.09,   481.62,   349.56
  352.49,   481.82,   474.51
  355.89,   482.01,   599.47
  347.99,   606.62,   349.40
  351.39,   606.81,   474.35
  354.79,   607.01,   599.30
  475.13,   357.72,   346.32
  478.53,   357.91,   471.27
  481.94,   358.11,   596.23
  474.04,   482.72,   346.16
  477.44,   482.91,   471.11
  480.84,   483.10,   596.06
  472.94,   607.71,   345.99
  476.34,   607.90,   470.95
  479.74,   608.10,   595.90
  228.37,   352.93,   476.73
  224.35,   352.23,   601.66
  220.32,   351.53,   726.59
  229.31,   477.93,   477.46
  225.29,   477.23,   602.39
  221.26,   476.53,   727.32
  230.25,   602.92,   478.19
  226.23,   602.22,   603.12
  222.20,   601.52,   728.05
  353.31,   351.97,   480.75
  349.28,   351.27,   605.68
  345.25,   350.57,   730.62
  354.25,   476.96,   481.48
  350.22,   476.26,   606.41
  346.19,   475.56,   731.35
  355.19,   601.96,   482.21
  351.16,   601.26,   607.14
  347.13,   600.56,   732.08
  478.24,   351.01,   484.77
  474.21,   350.31,   609.71
  470.18,   349.61,   734.64
  479.18,   476.00,   485.50
  475.15,   475.30,   610.44
  471.12,   474.60,   735.37
  480.12,   600.99,   486.23
  476.09,   600.30,   611.17
  472.06,   599.60,   736.10
  221.46,   354.54,   600.59
  223.91,   354.68,   725.56
  226.37,   354.81,   850.54
  221.80,   479.54,   600.45
  224.26,   479.68,   725.42
  226.72,   479.81,   850.40
  222.15,   604.54,   600.31
  224.61,   604.68,   725.28
  227.07,   604.81,   850.26
  346.43,   354.19,   598.13
  348.89,   354.33,   723.11
  351.34,   354.46,   848.08
  346.78,   479.19,   597.99
  349.24,   479.33,   722.97
  351.69,   479.46,   847.94
  347.13,   604.19,   597.85
  349.58,   604.33,   722.82
  352.04,   604.46,   847.80
  471.41,   353.84,   595.67
  473.86,   353.98,   720.65
  476.32,   354.11,   845.62
  471.75,   478.84,   595.53
  474.21,   478.98,   720.51
  476.67,   479.11,   845.48
  472.10,   603.84,   595.39
  474.56,   603.98,   720.37
  477.02,   604.11,   845.34
  223.70,   472.59,   100.49
  225.42,   473.54,   225.47
  227.14,   474.48,   350.46
  221.71,   597.57,    99.57
  223.43,   598.52,   224.56
  225.15,   599.46,   349.54
  219.73,   722.55,    98.66
  221.44,   723.50,   223.64
  223.16,   724.44,   348.62
  348.67,   474.56,    98.76
  350.39,   475.51,   223.74
  352.11,   476.45,   348.73
  346.69,   599.55,    97.84
  348.40,   600.49,   222.82
  350.12,   601.43,   347.81
  344.70,   724.53,    96.92
  346.42,   725.47,   221.91
  348.13,   726.42,   346.89
  473.65,   476.54,    97.02
  475.36,   477.48,   222.01
  477.08,   478.43,   346.99
  471.66,   601.52,    96.11
  473.38,   602.46,   221.09
  475.09,   603.41,   346.08
  469.67,   726.50,    95.19
  471.39,   727.45,   220.18
  473.11,   728.39,   345.16
  219.88,   461.96,   218.66
  223.30,   461.41,   343.62
  226.73,   460.85,   468.57
  220.39,   586.95,   219.20
  223.81,   586.40,   344.15
  227.23,   585.85,   469.10
  220.89,   711.95,   219.74
  224.31,   711.40,   344.69
  227.74,   710.85,   469.64
  344.83,   461.47,   215.24
  348.26,   460.92,   340.19
  351.68,   460.37,   465.14
  345.34,   586.46,   215.78
  348.76,   585.91,   340.73
  352.18,   585.36,   465.68
  345.84,   711.46,   216.31
  349.27,   710.91,   341.27
  352.69,   710.36,   466.22
  469.79,   460.98,   211.82
  473.21,   460.43,   336.77
  476.63,   459.88,   461.72
  470.29,   585.97,   212.35
  473.71,   585.42,   337.30
  477.14,   584.87,   462.26
  470.80,   710.97,   212.89
  474.22,   710.42,   337.84
  477.64,   709.87,   462.79
  218.09,   472.46,   347.64
  216.82,   474.53,   472.61
  215.55,   476.59,   597.59
  218.67,   597.44,   345.58
  217.40,   599.51,   470.55
  216.14,   601.57,   595.53
  219.26,   722.42,   343.52
  217.99,   724.49,   468.49
  216.72,   726.55,   593.47
  343.08,   471.90,   348.92
  341.81,   473.96,   473.89
  340.55,   476.03,   598.87
  343.67,   596.88,   346.86
  342.40,   598.95,   471.83
  341.13,   601.01,   596.81
  344.25,   721.86,   344.80
  342.98,   723.93,   469.77
  341.71,   725.99,   594.75
  468.07,   471.34,   350.19
  466.81,   473.40,   475.17
  465.54,   475.47,   600.15
  468.66,   596.32,   348.13
  467.39,   598.38,   473.11
  466.12,   600.45,   598.09
  469.24,   721.30,   346.07
  467.97,   723.37,   471.05
  466.70,   725.43,   596.03
  231.06,   477.44,   478.55
  231.36,   473.84,   603.50
  231.66,   470.24,   728.44
  233.33,   602.37,   482.14
  233.63,   598.77,   607.09
  233.93,   595.17,   732.04
  235.59,   727.30,   485.74
  235.89,   723.70,   610.69
  236.19,   720.09,   735.64
  356.04,   475.19,   478.18
  356.34,   471.58,   603.13
  356.64,   467.98,   728.08
  358.31,   600.11,   481.78
  358.61,   596.51,   606.73
  358.91,   592.91,   731.67
  360.57,   725.04,   485.37
  360.87,   721.44,   610.32
  361.17,   717.84,   735.27
  481.02,   472.93,   477.82
  481.32,   469.33,   602.77
  481.62,   465.73,   727.71
  483.29,   597.86,   481.41
  483.59,   594.26,   606.36
  483.89,   590.66,   731.31
  485.55,   722.79,   485.01
  485.85,   719.18,   609.96
  486.15,   715.58,   734.90
  222.98,   474.12,   600.55
  220.33,   472.97,   725.52
  217.69,   471.82,   850.49
  226.98,   599.05,   601.79
  224.34,   597.90,   726.76
  221.70,   596.75,   851.73
  230.99,   723.98,   603.03
  228.34,   722.83,   728.00
  225.70,   721.68,   852.96
  347.88,   470.09,   603.16
  345.24,   468.94,   728.12
  342.60,   467.79,   853.09
  351.89,   595.02,   604.40
  349.25,   593.87,   729.36
  346.61,   592.72,   854.33
  355.89,   719.95,   605.63
  353.25,   718.80,   730.60
  350.61,   717.65,   855.57
  472.79,   466.06,   605.76
  470.15,   464.91,   730.73
  467.51,   463.76,   855.69
  476.80,   590.99,   607.00
  474.16,   589.84,   731.96
  471.51,   588.69,   856.93
  480.80,   715.92,   608.24
  478.16,   714.77,   733.20
  475.52,   713.62,   858.17
  209.36,   614.98,   104.42
  207.09,   611.87,   229.36
  204.82,   608.76,   354.30
  212.18,   739.91,   107.58
  209.91,   736.80,   232.52
  207.64,   733.69,   357.46
  215.00,   864.83,   110.74
  212.73,   861.72,   235.68
  210.46,   858.62,   360.62
  334.31,   612.10,   106.62
  332.04,   608.99,   231.56
  329.77,   605.89,   356.50
  337.13,   737.03,   109.78
  334.86,   733.92,   234.72
  332.59,   730.81,   359.66
  339.95,   861.96,   112.94
  337.68,   858.85,   237.88
  335.41,   855.74,   362.82
  459.26,   609.23,   108.82
  456.99,   606.12,   233.76
  454.72,   603.01,   358.70
  462.08,   734.16,   111.98
  459.81,   731.05,   236.92
  457.54,   727.94,   361.86
  464.89,   859.09,   115.14
  462.62,   855.98,   240.08
  460.35,   852.87,   365.02
  214.14,   607.97,   226.32
  213.09,   608.80,   351.31
  212.04,   609.64,   476.30
  209.98,   732.90,   225.45
  208.93,   733.73,   350.44
  207.88,   734.57,   475.44
  205.82,   857.83,   224.58
  204.77,   858.66,   349.58
  203.72,   859.49,   474.57
  339.07,   612.14,   227.34
  338.02,   612.97,   352.34
  336.96,   613.80,   477.33
  334.91,   737.06,   226.48
  333.86,   737.90,   351.47
  332.80,   738.73,   476.46
  330.75,   861.99,   225.61
  329.70,   862.83,   350.60
  328.64,   863.66,   475.59
  463.99,   616.30,   228.37
  462.94,   617.14,   353.36
  461.89,   617.97,   478.35
  459.84,   741.23,   227.50
  458.78,   742.06,   352.49
  457.73,   742.90,   477.49
  455.68,   866.16,   226.63
  454.62,   866.99,   351.63
  453.57,   867.82,   476.62
  224.72,   585.48,   344.90
  223.59,   583.36,   469.88
  222.46,   581.25,   594.85
  222.86,   710.44,   347.00
  221.73,   708.33,   471.98
  220.60,   706.21,   596.95
  220.99,   835.41,   349.10
  219.86,   833.30,   474.07
  218.73,   831.18,   599.05
  349.70,   587.32,   346.06
  348.57,   585.21,   471.04
  347.44,   583.09,   596.02
  347.84,   712.29,   348.16
  346.71,   710.17,   473.14
  345.58,   708.06,   598.11
  345.97,   837.26,   350.26
  344.84,   835.14,   475.23
  343.71,   833.03,   600.21
  474.68,   589.17,   347.22
  473.55,   587.05,   472.20
  472.42,   584.94,   597.18
  472.82,   714.13,   349.32
  471.69,   712.02,   474.30
  470.56,   709.90,   599.27
  470.95,   839.10,   351.42
  469.82,   836.99,   476.40
  468.69,   834.87,   601.37
  228.35,   604.56,   478.95
  229.83,   607.30,   603.91
  231.32,   610.04,   728.87
  225.92,   729.50,   476.24
  227.40,   732.24,   601.20
  228.89,   734.99,   726.16
  223.49,   854.45,   473.52
  224.98,   857.19,   598.48
  226.46,   859.93,   723.45
  353.32,   606.95,   477.41
  354.80,   609.69,   602.38
  356.28,   612.43,   727.34
  350.89,   731.90,   474.70
  352.37,   734.64,   599.66
  353.86,   737.38,   724.62
  348.46,   856.84,   471.99
  349.95,   859.59,   596.95
  351.43,   862.33,   721.91
  478.28,   609.34,   475.88
  479.77,   612.09,   600.84
  481.25,   614.83,   725.80
  475.86,   734.29,   473.16
  477.34,   737.03,   598.13
  478.82,   739.77,   723.09
  473.43,   859.24,   470.45
  474.91,   861.98,   595.41
  476.40,   864.72,   720.37
  227.98,   605.02,   603.60
  227.26,   603.77,   728.60
  226.53,   602.52,   853.59
  228.32,   730.02,   604.86
  227.59,   728.77,   729.85
  226.87,   727.52,   854.84
  228.65,   855.01,   606.11
  227.93,   853.76,   731.10
  227.20,   852.51,   856.09
  352.98,   604.68,   604.33
  352.26,   603.43,   729.32
  351.53,   602.18,   854.31
  353.32,   729.67,   605.58
  352.59,   728.42,   730.57
  351.87,   727.17,   855.56
  353.65,   854.67,   606.83
  352.93,   853.42,   731.82
  352.20,   852.17,   856.82
  477.98,   604.34,   605.05
  477.25,   603.09,   730.04
  476.53,   601.84,   855.03
  478.31,   729.33,   606.30
  477.59,   728.08,   731.29
  476.86,   726.83,   856.28
  478.65,   854.32,   607.55
  477.92,   853.07,   732.55
  477.20,   851.82,   857.54
  350.45,    83.40,    97.74
  351.22,    83.50,   222.74
  351.99,    83.60,   347.74
  348.87,   208.39,    97.65
  349.64,   208.49,   222.65
  350.41,   208.59,   347.65
  347.30,   333.38,    97.56
  348.07,   333.48,   222.56
  348.84,   333.58,   347.56
  475.43,    84.97,    96.97
  476.20,    85.07,   221.97
  476.97,    85.17,   346.97
  473.86,   209.96,    96.88
  474.63,   210.06,   221.88
  475.40,   210.16,   346.88
  472.29,   334.95,    96.79
  473.06,   335.05,   221.79
  473.83,   335.15,   346.78
  600.42,    86.54,    96.20
  601.19,    86.64,   221.20
  601.96,    86.74,   346.20
  598.85,   211.53,    96.11
  599.62,   211.63,   221.11
  600.39,   211.73,   346.10
  597.28,   336.52,    96.02
  598.05,   336.62,   221.02
  598.82,   336.72,   346.01
  337.07,   101.67,   222.63
  337.92,   101.73,   347.62
  338.78,   101.78,   472.62
  332.45,   226.59,   222.60
  333.31,   226.64,   347.60
  334.17,   226.70,   472.60
  327.84,   351.50,   222.58
  328.70,   351.56,   347.58
  329.55,   351.61,   472.57
  461.98,   106.29,   221.77
  462.84,   106.34,   346.77
  463.69,   106.40,   471.76
  457.37,   231.20,   221.75
  458.22,   231.26,   346.74
  459.08,   231.31,   471.74
  452.75,   356.12,   221.72
  453.61,   356.17,   346.72
  454.47,   356.23,   471.71
  586.89,   110.90,   220.91
  587.75,   110.95,   345.91
  588.60,   111.01,   470.91
  582.28,   235.81,   220.89
  583.13,   235.87,   345.88
  583.99,   235.93,   470.88
  577.66,   360.73,   220.86
  578.52,   360.78,   345.86
  579.38,   360.84,   470.86
  357.52,   101.43,   354.40
  357.71,   102.46,   479.39
  357.91,   103.49,   604.39
  357.06,   226.42,   353.36
  357.25,   227.46,   478.36
  357.45,   228.49,   603.35
  356.60,   351.42,   352.33
  356.79,   352.45,   477.33
  356.99,   353.48,   602.32
  482.52,   101.88,   354.20
  482.71,   102.92,   479.19
  482.91,   103.95,   604.19
  482.06,   226.88,   353.16
  482.25,   227.91,   478.16
  482.45,   228.95,   603.15
  481.60,   351.87,   352.13
  481.79,   352.91,   477.13
  481.99,   353.94,   602.12
  607.52,   102.34,   354.00
  607.71,   103.38,   478.99
  607.91,   104.41,   603.99
  607.06,   227.34,   352.96
  607.25,   228.37,   477.96
  607.45,   229.41,   602.96
  606.60,   352.33,   351.93
  606.79,   353.37,   476.93
  606.99,   354.40,   601.92
  342.26,    88.98,   471.84
  343.78,    91.59,   596.80
  345.30,    94.21,   721.76
  345.26,   213.92,   469.19
  346.78,   216.53,   594.15
  348.30,   219.14,   719.12
  348.26,   338.85,   466.54
  349.78,   341.47,   591.51
  351.30,   344.08,   716.47
  467.22,    85.95,   470.38
  468.74,    88.57,   595.34
  470.26,    91.18,   720.31
  470.21,   210.89,   467.73
  471.73,   213.50,   592.70
  473.26,   216.11,   717.66
  473.21,   335.83,   465.08
  474.73,   338.44,   590.05
  476.25,   341.05,   715.01
  592.17,    82.93,   468.92
  593.69,    85.54,   593.88
  595.21,    88.15,   718.85
  595.17,   207.86,   466.27
  596.69,   210.47,   591.24
  598.21,   213.08,   716.20
  598.16,   332.80,   463.63
  599.69,   335.41,   588.59
  601.21,   338.02,   713.55
  354.80,   102.06,   602.27
  356.40,    98.88,   727.22
  358.00,    95.70,   852.17
  353.11,   227.00,   605.47
  354.71,   223.83,   730.42
  356.32,   220.65,   855.37
  351.42,   351.95,   608.67
  353.03,   348.77,   733.61
  354.63,   345.60,   858.56
  479.78,   103.78,   600.71
  481.38,   100.61,   725.66
  482.98,    97.43,   850.61
  478.09,   228.73,   603.91
  479.69,   225.56,   728.86
  481.29,   222.38,   853.81
  476.40,   353.68,   607.11
  478.00,   350.50,   732.06
  479.61,   347.33,   857.01
  604.76,   105.51,   599.15
  606.36,   102.34,   724.10
  607.96,    99.16,   849.05
  603.07,   230.46,   602.35
  604.67,   227.28,   727.30
  606.27,   224.11,   852.25
  601.38,   355.41,   605.55
  602.98,   352.23,   730.50
  604.58,   349.06,   855.45
  347.99,   222.73,    99.11
  347.68,   224.12,   224.10
  347.36,   225.52,   349.09
  346.91,   347.72,    97.71
  346.60,   349.11,   222.70
  346.29,   350.50,   347.70
  345.84,   472.70,    96.32
  345.52,   474.10,   221.31
  345.21,   475.49,   346.30
  472.98,   223.81,    99.41
  472.67,   225.20,   224.40
  472.36,   226.60,   349.39
  471.91,   348.80,    98.01
  471.59,   350.19,   223.00
  471.28,   351.58,   348.00
  470.83,   473.78,    96.62
  470.52,   475.18,   221.61
  470.21,   476.57,   346.60
  597.98,   224.89,    99.71
  597.67,   226.28,   224.70
  597.35,   227.68,   349.69
  596.90,   349.88,    98.31
  596.59,   351.27,   223.31
  596.28,   352.66,   348.30
  595.83,   474.86,    96.92
  595.51,   476.26,   221.91
  595.20,   477.65,   346.90
  356.60,   227.99,   225.84
  359.68,   228.03,   350.80
  362.75,   228.08,   475.76
  359.02,   352.97,   225.74
  362.09,   353.01,   350.70
  365.16,   353.06,   475.66
  361.43,   477.94,   225.63
  364.50,   477.99,   350.59
  367.57,   478.03,   475.56
  481.54,   225.58,   222.77
  484.62,   225.62,   347.73
  487.69,   225.67,   472.69
  483.95,   350.55,   222.66
  487.03,   350.60,   347.63
  490.10,   350.64,   472.59
  486.36,   475.53,   222.56
  489.44,   475.58,   347.52
  492.51,   475.62,   472.48
  606.48,   223.17,   219.69
  609.56,   223.21,   344.66
  612.63,   223.25,   469.62
  608.89,   348.14,   219.59
  611.97,   348.19,   344.55
  615.04,   348.23,   469.52
  611.30,   473.12,   219.49
  614.38,   473.16,   344.45
  617.45,   473.21,   469.41
  358.64,   222.65,   351.25
  356.68,   224.98,   476.21
  354.72,   227.31,   601.17
  355.61,   347.59,   348.87
  353.65,   349.92,   473.83
  351.69,   352.25,   598.80
  352.58,   472.53,   346.49
  350.62,   474.86,   471.46
  348.66,   477.19,   596.42
  483.58,   225.71,   353.15
  481.63,   228.04,   478.11
  479.67,   230.37,   603.07
  480.56,   350.65,   350.77
  478.60,   352.98,   475.73
  476.64,   355.31,   600.70
  477.53,   475.59,   348.39
  475.57,   477.92,   473.36
  473.61,   480.25,   598.32
  608.53,   228.78,   355.05
  606.57,   231.10,   480.01
  604.62,   233.43,   604.98
  605.50,   353.72,   352.67
  603.55,   356.05,   477.64
  601.59,   358.37,   602.60
  602.48,   478.66,   350.30
  600.52,   480.99,   475.26
  598.56,   483.32,   600.22
  347.76,   224.44,   475.95
  346.33,   224.24,   600.94
  344.90,   224.04,   725.93
  349.58,   349.43,   476.17
  348.15,   349.23,   601.16
  346.71,   349.03,   726.15
  351.39,   474.42,   476.39
  349.96,   474.22,   601.38
  348.53,   474.02,   726.38
  472.74,   222.63,   477.38
  471.31,   222.43,   602.37
  469.88,   222.22,   727.36
  474.56,   347.61,   477.60
  473.12,   347.41,   602.59
  471.69,   347.21,   727.58
  476.37,   472.60,   477.82
  474.94,   472.40,   602.81
  473.51,   472.20,   727.81
  597.72,   220.81,   478.81
  596.29,   220.61,   603.80
  594.85,   220.41,   728.79
  599.54,   345.79,   479.03
  598.10,   345.59,   604.02
  596.67,   345.39,   729.01
  601.35,   470.78,   479.25
  599.92,   470.58,   604.24
  598.49,   470.38,   729.23
  351.70,   230.42,   603.40
  352.44,   229.68,   728.39
  353.18,   228.95,   853.39
  353.11,   355.40,   604.12
  353.85,   354.67,   729.12
  354.59,   353.94,   854.11
  354.52,   480.39,   604.85
  355.26,   479.66,   729.84
  356.00,   478.93,   854.84
  476.69,   229.01,   602.65
  477.43,   228.27,   727.64
  478.17,   227.54,   852.64
  478.10,   354.00,   603.37
  478.84,   353.26,   728.37
  479.58,   352.53,   853.37
  479.51,   478.99,   604.10
  480.25,   478.25,   729.10
  480.99,   477.52,   854.09
  601.68,   227.60,   601.90
  602.42,   226.87,   726.89
  603.16,   226.13,   851.89
  603.09,   352.59,   602.62
  603.83,   351.86,   727.62
  604.57,   351.12,   852.62
  604.50,   477.58,   603.35
  605.24,   476.85,   728.35
  605.98,   476.11,   853.34
  342.16,   356.96,   100.85
  339.72,   353.61,   225.78
  337.29,   350.26,   350.71
  338.46,   481.86,   104.13
  336.02,   478.51,   229.06
  333.58,   475.16,   353.99
  334.75,   606.77,   107.41
  332.32,   603.41,   232.34
  329.88,   600.06,   357.28
  467.08,   360.60,   103.38
  464.64,   357.24,   228.32
  462.21,   353.89,   353.25
  463.38,   485.50,   106.66
  460.94,   482.15,   231.60
  458.51,   478.79,   356.53
  459.68,   610.40,   109.95
  457.24,   607.05,   234.88
  454.80,   603.70,   359.81
  592.00,   364.23,   105.92
  589.56,   360.88,   230.85
  587.13,   357.53,   355.78
  588.30,   489.13,   109.20
  585.86,   485.78,   234.13
  583.43,   482.43,   359.06
  584.60,   614.04,   112.48
  582.16,   610.68,   237.41
  579.73,   607.33,   362.34
  359.13,   344.56,   225.62
  355.05,   341.87,   350.52
  350.97,   339.17,   475.43
  357.46,   469.52,   228.26
  353.38,   466.83,   353.16
  349.30,   464.13,   478.07
  355.79,   594.48,   230.90
  351.71,   591.79,   355.80
  347.63,   589.09,   480.71
  484.05,   346.14,   229.73
  479.97,   343.45,   354.64
  475.90,   340.75,   479.54
  482.38,   471.10,   232.37
  478.30,   468.41,   357.28
  474.23,   465.72,   482.18
  480.71,   596.06,   235.01
  476.63,   593.37,   359.92
  472.56,   590.68,   484.82
  608.98,   347.72,   233.85
  604.90,   345.03,   358.75
  600.82,   342.34,   483.66
  607.31,   472.68,   236.49
  603.23,   469.99,   361.39
  599.15,   467.30,   486.30
  605.64,   597.64,   239.13
  601.56,   594.95,   364.03
  597.48,   592.26,   488.94
  361.46,   340.03,   351.42
  362.00,   344.59,   476.34
  362.54,   349.14,   601.25
  359.95,   464.93,   346.87
  360.49,   469.49,   471.78
  361.03,   474.05,   596.70
  358.44,   589.84,   342.32
  358.98,   594.40,   467.23
  359.53,   598.96,   592.15
  486.45,   341.51,   350.82
  486.99,   346.07,   475.74
  487.53,   350.63,   600.66
  484.94,   466.42,   346.27
  485.48,   470.98,   471.19
  486.02,   475.54,   596.10
  483.43,   591.33,   341.72
  483.97,   595.89,   466.64
  484.52,   600.45,   591.55
  611.44,   343.00,   350.23
  611.98,   347.56,   475.14
  612.52,   352.12,   600.06
  609.93,   467.91,   345.68
  610.47,   472.46,   470.59
  611.01,   477.02,   595.51
  608.42,   592.81,   341.13
  608.96,   597.37,   466.04
  609.51,   601.93,   590.96
  352.44,   351.74,   477.44
  356.19,   354.16,   602.36
  359.94,   356.58,   727.28
  352.65,   476.72,   475.01
  356.40,   479.13,   599.93
  360.16,   481.55,   724.85
  352.87,   601.69,   472.59
  356.62,   604.11,   597.51
  360.37,   606.53,   722.43
  477.38,   351.45,   473.69
  481.13,   353.87,   598.61
  484.88,   356.29,   723.53
  477.60,   476.43,   471.27
  481.35,   478.84,   596.19
  485.10,   481.26,   721.11
  477.81,   601.40,   468.84
  481.57,   603.82,   593.76
  485.32,   606.24,   718.68
  602.32,   351.16,   469.95
  606.07,   353.58,   594.87
  609.83,   356.00,   719.79
  602.54,   476.14,   467.52
  606.29,   478.56,   592.44
  610.04,   480.97,   717.36
  602.76,   601.11,   465.09
  606.51,   603.53,   590.01
  610.26,   605.95,   714.93
  340.76,   346.62,   593.57
  341.52,   350.93,   718.49
  342.27,   355.24,   843.41
  340.18,   471.54,   589.26
  340.94,   475.85,   714.18
  341.70,   480.16,   839.11
  339.61,   596.46,   584.95
  340.36,   600.78,   709.88
  341.12,   605.09,   834.80
  465.76,   347.17,   592.79
  466.51,   351.48,   717.72
  467.27,   355.79,   842.64
  465.18,   472.09,   588.48
  465.94,   476.40,   713.41
  466.69,   480.71,   838.33
  464.60,   597.02,   584.18
  465.36,   601.33,   709.10
  466.11,   605.64,   834.02
  590.75,   347.72,   592.02
  591.51,   352.03,   716.94
  592.27,   356.34,   841.86
  590.18,   472.64,   587.71
  590.93,   476.95,   712.63
  591.69,   481.27,   837.56
  589.60,   597.57,   583.40
  590.35,   601.88,   708.32
  591.11,   606.19,   833.25
  349.70,   474.18,   101.46
  347.26,   473.37,   226.44
  344.82,   472.55,   351.41
  345.71,   599.12,   102.20
  343.27,   598.30,   227.17
  340.83,   597.48,   352.15
  341.71,   724.05,   102.94
  339.28,   723.23,   227.91
  336.84,   722.42,   352.89
  474.61,   478.16,   103.93
  472.18,   477.35,   228.90
  469.74,   476.53,   353.87
  470.62,   603.10,   104.66
  468.18,   602.28,   229.64
  465.74,   601.46,   354.61
  466.63,   728.03,   105.40
  464.19,   727.21,   230.38
  461.75,   726.40,   355.35
  599.53,   482.14,   106.39
  597.09,   481.32,   231.36
  594.65,   480.51,   356.34
  595.53,   607.08,   107.13
  593.09,   606.26,   232.10
  590.66,   605.44,   357.08
  591.54,   732.01,   107.87
  589.10,   731.19,   232.84
  586.66,   730.38,   357.81
  349.65,   483.47,   226.87
  352.05,   483.04,   351.85
  354.45,   482.62,   476.83
  348.73,   608.46,   227.32
  351.13,   608.04,   352.29
  353.53,   607.61,   477.27
  347.81,   733.46,   227.76
  350.22,   733.03,   352.74
  352.62,   732.61,   477.71
  474.62,   484.39,   224.48
  477.02,   483.97,   349.45
  479.43,   483.54,   474.43
  473.70,   609.39,   224.92
  476.11,   608.96,   349.89
  478.51,   608.54,   474.87
  472.79,   734.38,   225.36
  475.19,   733.96,   350.34
  477.59,   733.53,   475.31
  599.60,   485.32,   222.08
  602.00,   484.89,   347.05
  604.40,   484.47,   472.03
  598.68,   610.31,   222.52
  601.08,   609.89,   347.50
  603.48,   609.46,   472.47
  597.76,   735.31,   222.96
  600.16,   734.89,   347.94
  602.56,   734.46,   472.91
  344.31,   477.77,   349.66
  344.56,   481.20,   474.61
  344.81,   484.62,   599.57
  341.10,   602.69,   346.24
  341.35,   606.11,   471.20
  341.60,   609.53,   596.15
  337.89,   727.60,   342.83
  338.14,   731.02,   467.78
  338.39,   734.45,   592.74
  469.26,   480.98,   349.32
  469.52,   484.40,   474.27
  469.77,   487.82,   599.22
  466.05,   605.89,   345.90
  466.31,   609.31,   470.86
  466.56,   612.73,   595.81
  462.84,   730.80,   342.49
  463.10,   734.22,   467.44
  463.35,   737.65,   592.39
  594.22,   484.18,   348.98
  594.48,   487.60,   473.93
  594.73,   491.02,   598.88
  591.01,   609.09,   345.56
  591.27,   612.51,   470.51
  591.52,   615.94,   595.47
  587.80,   734.00,   342.15
  588.06,   737.43,   467.10
  588.31,   740.85,   592.05
  344.82,   472.35,   473.32
  344.80,   469.99,   598.30
  344.77,   467.63,   723.28
  340.87,   597.27,   475.68
  340.84,   594.91,   600.66
  340.81,   592.54,   725.64
  336.91,   722.18,   478.04
  336.89,   719.82,   603.02
  336.86,   717.46,   728.00
  469.76,   476.31,   473.42
  469.73,   473.94,   598.40
  469.71,   471.58,   723.38
  465.81,   601.22,   475.78
  465.78,   598.86,   600.76
  465.75,   596.50,   725.74
  461.85,   726.14,   478.14
  461.82,   723.77,   603.12
  461.80,   721.41,   728.10
  594.70,   480.26,   473.52
  594.67,   477.90,   598.50
  594.64,   475.54,   723.48
  590.74,   605.18,   475.88
  590.72,   602.81,   600.86
  590.69,   600.45,   725.84
  586.79,   730.09,   478.24
  586.76,   727.73,   603.22
  586.73,   725.37,   728.20
  354.26,   473.57,   600.48
  356.25,   474.41,   725.46
  358.25,   475.25,   850.44
  355.69,   598.56,   599.62
  357.68,   599.40,   724.60
  359.68,   600.24,   849.58
  357.11,   723.55,   598.75
  359.11,   724.39,   723.74
  361.11,   725.23,   848.72
  479.23,   472.13,   598.49
  481.23,   472.97,   723.47
  483.23,   473.81,   848.46
  480.66,   597.12,   597.63
  482.66,   597.96,   722.61
  484.65,   598.80,   847.59
  482.09,   722.11,   596.77
  484.09,   722.95,   721.75
  486.08,   723.79,   846.73
  604.21,   470.69,   596.51
  606.21,   471.53,   721.49
  608.20,   472.37,   846.47
  605.64,   595.68,   595.65
  607.63,   596.52,   720.63
  609.63,   597.35,   845.61
  607.07,   720.66,   594.78
  609.06,   721.50,   719.76
  611.06,   722.34,   844.75
  359.37,   592.05,   100.92
  354.53,   592.37,   225.82
  349.69,   592.68,   350.73
  359.03,   717.05,   100.59
  354.19,   717.36,   225.49
  349.35,   717.68,   350.40
  358.69,   842.05,   100.26
  353.84,   842.36,   225.16
  349.00,   842.68,   350.07
  484.28,   592.40,   105.76
  479.44,   592.72,   230.67
  474.60,   593.04,   355.57
  483.94,   717.40,   105.43
  479.09,   717.72,   230.33
  474.25,   718.04,   355.24
  483.59,   842.40,   105.10
  478.75,   842.72,   230.00
  473.91,   843.04,   354.91
  609.19,   592.76,   110.60
  604.34,   593.08,   235.51
  599.50,   593.40,   360.41
  608.84,   717.76,   110.27
  604.00,   718.08,   235.17
  599.16,   718.40,   360.08
  608.50,   842.76,   109.94
  603.65,   843.08,   234.84
  598.81,   843.40,   359.75
  346.60,   602.21,   225.24
  347.97,   604.46,   350.21
  349.34,   606.71,   475.19
  349.17,   727.16,   222.96
  350.54,   729.41,   347.93
  351.90,   731.66,   472.91
  351.73,   852.11,   220.68
  353.10,   854.36,   345.66
  354.47,   856.62,   470.63
  471.57,   599.62,   223.92
  472.94,   601.87,   348.89
  474.30,   604.12,   473.86
  474.13,   724.57,   221.64
  475.50,   726.82,   346.61
  476.87,   729.07,   471.59
  476.70,   849.52,   219.36
  478.07,   851.77,   344.33
  479.44,   854.03,   469.31
  596.53,   597.03,   222.60
  597.90,   599.28,   347.57
  599.27,   601.53,   472.54
  599.10,   721.98,   220.32
  600.47,   724.23,   345.29
  601.84,   726.48,   470.26
  601.66,   846.93,   218.04
  603.03,   849.18,   343.01
  604.40,   851.44,   467.98
  347.97,   606.04,   354.10
  350.00,   603.24,   479.05
  352.03,   600.45,   604.01
  346.68,   731.00,   356.92
  348.71,   728.21,   481.87
  350.74,   725.41,   606.82
  345.39,   855.96,   359.73
  347.42,   853.17,   484.68
  349.45,   850.38,   609.63
  472.95,   607.37,   352.10
  474.98,   604.58,   477.06
  477.00,   601.79,   602.01
  471.66,   732.33,   354.92
  473.69,   729.54,   479.87
  475.71,   726.75,   604.82
  470.37,   857.29,   357.73
  472.40,   854.50,   482.68
  474.43,   851.71,   607.64
  597.92,   608.71,   350.10
  599.95,   605.91,   475.06
  601.98,   603.12,   600.01
  596.64,   733.67,   352.92
  598.66,   730.87,   477.87
  600.69,   728.08,   602.82
  595.35,   858.63,   355.73
  597.37,   855.84,   480.68
  599.40,   853.04,   605.64
  349.18,   597.92,   473.73
  347.97,   597.83,   598.72
  346.76,   597.74,   723.72
  348.26,   722.91,   473.81
  347.05,   722.83,   598.80
  345.83,   722.74,   723.80
  347.33,   847.91,   473.89
  346.12,   847.82,   598.88
  344.91,   847.74,   723.87
  474.17,   598.84,   474.94
  472.96,   598.75,   599.94
  471.75,   598.67,   724.93
  473.25,   723.84,   475.02
  472.04,   723.75,   600.02
  470.82,   723.66,   725.01
  472.32,   848.83,   475.10
  471.11,   848.75,   600.09
  469.90,   848.66,   725.09
  599.16,   599.76,   476.16
  597.95,   599.68,   601.15
  596.74,   599.59,   726.14
  598.24,   724.76,   476.23
  597.03,   724.67,   601.23
  595.81,   724.59,   726.22
  597.32,   849.76,   476.31
  596.10,   849.67,   601.31
  594.89,   849.58,   726.30
  351.71,   604.39,   603.51
  349.38,   603.23,   728.49
  347.05,   602.06,   853.46
  350.45,   729.38,   604.66
  348.12,   728.21,   729.63
  345.80,   727.05,   854.60
  349.20,   854.37,   605.80
  346.87,   853.20,   730.77
  344.54,   852.04,   855.74
  476.68,   605.62,   605.85
  474.35,   604.46,   730.83
  472.02,   603.29,   855.80
  475.42,   730.61,   606.99
  473.10,   729.45,   731.97
  470.77,   728.28,   856.94
  474.17,   855.60,   608.14
  471.84,   854.44,   733.11
  469.51,   853.27,   858.08
  601.65,   606.86,   608.19
  599.32,   605.69,   733.16
  597.00,   604.53,   858.14
  600.40,   731.85,   609.33
  598.07,   730.68,   734.31
  595.74,   729.52,   859.28
  599.14,   856.84,   610.48
  596.81,   855.67,   735.45
  594.49,   854.50,   860.42
  464.34,    96.49,    97.19
  464.64,   100.53,   222.12
  464.94,   104.56,   347.06
  467.34,   221.39,    93.14
  467.63,   225.42,   218.08
  467.93,   229.46,   343.01
  470.33,   346.28,    89.10
  470.63,   350.32,   214.03
  470.92,   354.36,   338.97
  589.31,    93.49,    96.99
  589.60,    97.52,   221.92
  589.90,   101.56,   346.86
  592.30,   218.38,    92.94
  592.60,   222.42,   217.88
  592.89,   226.46,   342.81
  595.29,   343.28,    88.90
  595.59,   347.32,   213.83
  595.89,   351.36,   338.77
  714.27,    90.48,    96.79
  714.57,    94.52,   221.72
  714.87,    98.56,   346.66
  717.26,   215.38,    92.74
  717.56,   219.42,   217.68
  717.86,   223.46,   342.61
  720.26,   340.28,    88.70
  720.55,   344.32,   213.63
  720.85,   348.36,   338.57
  482.89,    98.59,   228.42
  479.99,    95.36,   353.34
  477.09,    92.12,   478.26
  483.07,   223.55,   231.66
  480.17,   220.31,   356.58
  477.27,   217.08,   481.51
  483.25,   348.51,   234.90
  480.36,   345.27,   359.82
  477.46,   342.03,   484.75
  607.86,    98.33,   231.31
  604.96,    95.10,   356.23
  602.06,    91.86,   481.16
  608.04,   223.29,   234.55
  605.14,   220.06,   359.48
  602.24,   216.82,   484.40
  608.22,   348.25,   237.79
  605.32,   345.01,   362.72
  602.42,   341.78,   487.64
  732.82,    98.08,   234.20
  729.92,    94.84,   359.13
  727.02,    91.60,   484.05
  733.00,   223.03,   237.44
  730.10,   219.80,   362.37
  727.21,   216.56,   487.29
  733.19,   347.99,   240.69
  730.29,   344.76,   365.61
  727.39,   341.52,   490.53
  467.70,   107.51,   346.42
  469.46,   109.44,   471.39
  471.22,   111.38,   596.37
  465.35,   232.47,   344.52
  467.11,   234.40,   469.49
  468.87,   236.34,   594.46
  463.00,   357.43,   342.62
  464.76,   359.37,   467.59
  466.52,   361.30,   592.56
  592.66,   109.83,   344.62
  594.42,   111.76,   469.60
  596.18,   113.70,   594.57
  590.31,   234.79,   342.72
  592.07,   236.73,   467.70
  593.83,   238.66,   592.67
  587.96,   359.76,   340.82
  589.72,   361.69,   465.80
  591.48,   363.62,   590.77
  717.63,   112.15,   342.83
  719.39,   114.09,   467.80
  721.15,   116.02,   592.77
  715.28,   237.11,   340.93
  717.04,   239.05,   465.90
  718.80,   240.98,   590.87
  712.93,   362.08,   339.03
  714.69,   364.01,   464.00
  716.45,   365.95,   588.97
  468.08,   111.93,   473.07
  471.29,   111.87,   598.03
  474.49,   111.80,   722.99
  465.33,   236.90,   473.21
  468.53,   236.84,   598.17
  471.73,   236.77,   723.13
  462.57,   361.87,   473.34
  465.78,   361.81,   598.30
  468.98,   361.74,   723.26
  593.01,   114.69,   469.87
  596.22,   114.62,   594.83
  599.42,   114.56,   719.79
  590.26,   239.66,   470.01
  593.46,   239.59,   594.97
  596.66,   239.53,   719.93
  587.50,   364.63,   470.14
  590.71,   364.56,   595.10
  593.91,   364.50,   720.06
  717.94,   117.45,   466.67
  721.14,   117.38,   591.63
  724.35,   117.32,   716.59
  715.19,   242.41,   466.81
  718.39,   242.35,   591.77
  721.59,   242.29,   716.73
  712.43,   367.38,   466.94
  715.63,   367.32,   591.90
  718.84,   367.26,   716.86
  475.90,   104.54,   601.67
  479.30,   103.90,   726.62
  482.69,   103.26,   851.57
  479.13,   229.50,   602.22
  482.52,   228.86,   727.18
  485.91,   228.22,   852.13
  482.35,   354.46,   602.78
  485.74,   353.82,   727.73
  489.13,   353.17,   852.68
  600.82,   101.34,   598.26
  604.21,   100.70,   723.21
  607.60,   100.05,   848.17
  604.04,   226.30,   598.82
  607.43,   225.65,   723.77
  610.82,   225.01,   848.72
  607.26,   351.25,   599.37
  610.65,   350.61,   724.32
  614.04,   349.97,   849.28
  725.73,    98.13,   594.85
  729.12,    97.49,   719.81
  732.51,    96.85,   844.76
  728.95,   223.09,   595.41
  732.34,   222.45,   720.36
  735.73,   221.80,   845.31
  732.17,   348.05,   595.96
  735.57,   347.40,   720.92
  738.96,   346.76,   845.87
  464.14,   234.93,    96.51
  465.69,   233.19,   221.49
  467.24,   231.45,   346.47
  464.16,   359.91,    98.25
  465.71,   358.18,   223.23
  467.26,   356.44,   348.21
  464.19,   484.90,    99.99
  465.74,   483.16,   224.97
  467.29,   481.42,   349.94
  589.13,   234.92,    94.96
  590.68,   233.18,   219.94
  592.23,   231.44,   344.92
  589.15,   359.91,    96.70
  590.70,   358.17,   221.68
  592.25,   356.43,   346.66
  589.18,   484.90,    98.44
  590.73,   483.16,   223.42
  592.28,   481.42,   348.39
  714.12,   234.92,    93.41
  715.67,   233.18,   218.39
  717.22,   231.44,   343.37
  714.14,   359.90,    95.15
  715.69,   358.17,   220.13
  717.24,   356.43,   345.10
  714.17,   484.89,    96.89
  715.72,   483.15,   221.87
  717.27,   481.41,   346.84
  482.15,   232.11,   228.42
  482.21,   231.94,   353.42
  482.28,   231.76,   478.42
  485.30,   357.07,   228.59
  485.37,   356.90,   353.59
  485.44,   356.72,   478.59
  488.46,   482.03,   228.76
  488.53,   481.86,   353.76
  488.60,   481.68,   478.76
  607.11,   228.95,   228.35
  607.17,   228.78,   353.35
  607.24,   228.61,   478.35
  610.26,   353.91,   228.52
  610.33,   353.74,   353.52
  610.40,   353.57,   478.52
  613.42,   478.87,   228.69
  613.49,   478.70,   353.69
  613.56,   478.53,   478.69
  732.07,   225.79,   228.28
  732.13,   225.62,   353.28
  732.20,   225.45,   478.28
  735.22,   350.75,   228.45
  735.29,   350.58,   353.45
  735.36,   350.41,   478.45
  738.38,   475.71,   228.62
  738.45,   475.54,   353.62
  738.52,   475.37,   478.62
  474.19,   228.31,   348.45
  471.84,   229.64,   473.42
  469.50,   230.98,   598.39
  475.73,   353.29,   347.14
  473.38,   354.63,   472.11
  471.04,   355.96,   597.08
  477.27,   478.27,   345.84
  474.93,   479.61,   470.81
  472.58,   480.94,   595.78
  599.15,   226.79,   350.81
  596.81,   228.12,   475.78
  594.47,   229.46,   600.75
  600.70,   351.77,   349.50
  598.35,   353.11,   474.47
  596.01,   354.44,   599.44
  602.24,   476.76,   348.20
  599.90,   478.09,   473.17
  597.55,   479.43,   598.14
  724.12,   225.27,   353.17
  721.78,   226.61,   478.14
  719.44,   227.94,   603.11
  725.67,   350.25,   351.86
  723.32,   351.59,   476.83
  720.98,   352.92,   601.80
  727.21,   475.24,   350.55
  724.86,   476.57,   475.53
  722.52,   477.91,   600.50
  482.46,   228.52,   477.25
  477.90,   230.00,   602.15
  473.35,   231.48,   727.06
  478.81,   353.45,   475.63
  474.26,   354.94,   600.54
  469.70,   356.42,   725.45
  475.17,   478.39,   474.02
  470.61,   479.87,   598.92
  466.05,   481.35,   723.83
  607.33,   232.22,   481.76
  602.77,   233.70,   606.67
  598.21,   235.18,   731.57
  603.68,   357.16,   480.14
  599.12,   358.64,   605.05
  594.56,   360.12,   729.96
  600.03,   482.09,   478.53
  595.47,   483.58,   603.44
  590.92,   485.06,   728.34
  732.19,   235.92,   486.27
  727.63,   237.41,   611.18
  723.07,   238.89,   736.09
  728.54,   360.86,   484.65
  723.98,   362.34,   609.56
  719.43,   363.82,   734.47
  724.89,   485.80,   483.04
  720.34,   487.28,   607.95
  715.78,   488.76,   732.86
  470.49,   223.86,   596.56
  468.94,   223.67,   721.55
  467.39,   223.47,   846.54
  471.40,   348.85,   596.76
  469.85,   348.66,   721.75
  468.30,   348.47,   846.74
  472.30,   473.85,   596.97
  470.75,   473.66,   721.96
  469.20,   473.47,   846.95
  595.48,   222.95,   598.11
  593.93,   222.76,   723.10
  592.38,   222.57,   848.09
  596.39,   347.95,   598.31
  594.84,   347.75,   723.30
  593.28,   347.56,   848.29
  597.29,   472.94,   598.51
  595.74,   472.75,   723.50
  594.19,   472.56,   848.49
  720.47,   222.04,   599.66
  718.92,   221.85,   724.65
  717.37,   221.66,   849.64
  721.37,   347.04,   599.86
  719.82,   346.85,   724.85
  718.27,   346.65,   849.84
  722.28,   472.03,   600.06
  720.73,   471.84,   725.05
  719.18,   471.65,   850.04
  464.20,   346.20,    97.57
  462.34,   345.63,   222.55
  460.48,   345.05,   347.54
  463.74,   471.20,    98.14
  461.88,   470.62,   223.12
  460.01,   470.05,   348.11
  463.28,   596.20,    98.71
  461.41,   595.62,   223.69
  459.55,   595.05,   348.68
  589.19,   346.66,    99.43
  587.32,   346.08,   224.42
  585.46,   345.50,   349.40
  588.72,   471.65,   100.00
  586.86,   471.08,   224.99
  585.00,   470.50,   349.97
  588.26,   596.65,   100.57
  586.40,   596.08,   225.56
  584.54,   595.50,   350.54
  714.17,   347.11,   101.30
  712.31,   346.53,   226.28
  710.45,   345.96,   351.27
  713.71,   472.11,   101.87
  711.85,   471.53,   226.85
  709.98,   470.96,   351.84
  713.25,   597.11,   102.44
  711.38,   596.53,   227.42
  709.52,   595.95,   352.41
  479.94,   354.48,   227.24
  482.87,   353.75,   352.20
  485.80,   353.02,   477.17
  480.63,   479.47,   227.95
  483.56,   478.75,   352.91
  486.49,   478.02,   477.88
  481.33,   604.47,   228.66
  484.26,   603.74,   353.63
  487.19,   603.01,   478.59
  604.90,   353.80,   224.30
  607.83,   353.07,   349.27
  610.76,   352.35,   474.23
  605.60,   478.80,   225.02
  608.53,   478.07,   349.98
  611.46,   477.34,   474.94
  606.29,   603.79,   225.73
  609.22,   603.07,   350.69
  612.15,   602.34,   475.66
  729.87,   353.12,   221.37
  732.80,   352.40,   346.33
  735.73,   351.67,   471.30
  730.56,   478.12,   222.08
  733.49,   477.39,   347.05
  736.42,   476.66,   472.01
  731.25,   603.12,   222.79
  734.18,   602.39,   347.76
  737.11,   601.66,   472.72
  476.15,   354.05,   352.68
  473.38,   351.22,   477.62
  470.60,   348.39,   602.56
  476.37,   479.02,   355.52
  473.59,   476.19,   480.46
  470.81,   473.36,   605.39
  476.59,   603.99,   358.36
  473.81,   601.16,   483.29
  471.03,   598.33,   608.23
  601.12,   353.77,   355.46
  598.34,   350.94,   480.39
  595.57,   348.11,   605.33
  601.34,   478.74,   358.29
  598.56,   475.91,   483.23
  595.78,   473.08,   608.17
  601.56,   603.71,   361.13
  598.78,   600.88,   486.07
  596.00,   598.05,   611.00
  726.09,   353.49,   358.23
  723.31,   350.66,   483.17
  720.53,   347.83,   608.10
  726.31,   478.46,   361.07
  723.53,   475.63,   486.00
  720.75,   472.80,   610.94
  726.53,   603.43,   363.90
  723.75,   600.60,   488.84
  720.97,   597.76,   613.78
  474.65,   348.47,   473.36
  473.98,   345.73,   598.33
  473.30,   342.99,   723.30
  477.11,   473.42,   476.12
  476.44,   470.68,   601.09
  475.76,   467.93,   726.05
  479.57,   598.36,   478.87
  478.90,   595.62,   603.84
  478.22,   592.88,   728.81
  599.63,   346.00,   473.99
  598.95,   343.25,   598.95
  598.27,   340.51,   723.92
  602.09,   470.94,   476.74
  601.41,   468.20,   601.71
  600.73,   465.46,   726.68
  604.55,   595.89,   479.49
  603.87,   593.15,   604.46
  603.20,   590.40,   729.43
  724.60,   343.52,   474.61
  723.92,   340.78,   599.58
  723.25,   338.04,   724.55
  727.06,   468.47,   477.36
  726.39,   465.73,   602.33
  725.71,   462.98,   727.30
  729.52,   593.41,   480.12
  728.85,   590.67,   605.08
  728.17,   587.93,   730.05
  475.64,   345.61,   597.28
  478.20,   347.10,   722.24
  480.76,   348.58,   847.21
  474.68,   470.60,   595.82
  477.24,   472.08,   720.78
  479.80,   473.57,   845.75
  473.72,   595.59,   594.35
  476.28,   597.07,   719.32
  478.83,   598.55,   844.28
  600.61,   346.54,   594.71
  603.17,   348.03,   719.67
  605.73,   349.51,   844.64
  599.65,   471.53,   593.25
  602.21,   473.01,   718.21
  604.77,   474.50,   843.18
  598.69,   596.52,   591.78
  601.25,   598.00,   716.75
  603.80,   599.48,   841.71
  725.58,   347.48,   592.14
  728.14,   348.96,   717.10
  730.70,   350.44,   842.07
  724.62,   472.46,   590.68
  727.18,   473.95,   715.64
  729.74,   475.43,   840.61
  723.66,   597.45,   589.21
  726.22,   598.93,   714.18
  728.77,   600.42,   839.14
  467.02,   476.48,    99.52
  463.89,   478.99,   224.46
  460.76,   481.50,   349.39
  467.11,   601.45,    97.01
  463.98,   603.96,   221.95
  460.85,   606.47,   346.88
  467.20,   726.43,    94.50
  464.07,   728.94,   219.44
  460.95,   731.45,   344.37
  591.98,   476.45,   102.65
  588.85,   478.96,   227.58
  585.72,   481.47,   352.52
  592.07,   601.42,   100.14
  588.94,   603.93,   225.07
  585.82,   606.44,   350.01
  592.16,   726.40,    97.63
  589.04,   728.91,   222.57
  585.91,   731.42,   347.50
  716.94,   476.42,   105.78
  713.81,   478.93,   230.71
  710.69,   481.44,   355.65
  717.03,   601.39,   103.27
  713.90,   603.90,   228.20
  710.78,   606.42,   353.14
  717.12,   726.37,   100.76
  714.00,   728.88,   225.69
  710.87,   731.39,   350.63
  475.74,   482.11,   228.40
  474.13,   479.30,   353.36
  472.51,   476.49,   478.31
  476.86,   607.07,   231.22
  475.24,   604.26,   356.18
  473.63,   601.45,   481.14
  477.97,   732.03,   234.05
  476.36,   729.22,   359.01
  474.74,   726.41,   483.96
  600.73,   480.95,   229.99
  599.11,   478.14,   354.95
  597.49,   475.33,   479.90
  601.84,   605.92,   232.81
  600.23,   603.11,   357.77
  598.61,   600.30,   482.73
  602.96,   730.88,   235.64
  601.34,   728.07,   360.60
  599.73,   725.26,   485.55
  725.71,   479.80,   231.58
  724.09,   476.99,   356.54
  722.48,   474.18,   481.49
  726.83,   604.76,   234.40
  725.21,   601.95,   359.36
  723.60,   599.14,   484.32
  727.94,   729.73,   237.23
  726.33,   726.92,   362.19
  724.71,   724.11,   487.14
  462.56,   466.65,   339.99
  466.06,   471.48,   464.85
  469.55,   476.31,   589.70
  458.66,   591.50,   335.27
  462.15,   596.33,   460.12
  465.65,   601.16,   584.98
  454.75,   716.35,   330.54
  458.25,   721.18,   455.40
  461.74,   726.01,   580.26
  587.45,   470.42,   336.35
  590.95,   475.25,   461.20
  594.44,   480.08,   586.06
  583.55,   595.27,   331.62
  587.04,   600.10,   456.48
  590.54,   604.93,   581.34
  579.64,   720.12,   326.90
  583.14,   724.95,   451.76
  586.63,   729.78,   576.62
  712.34,   474.19,   332.71
  715.84,   479.02,   457.56
  719.33,   483.85,   582.42
  708.44,   599.03,   327.98
  711.93,   603.87,   452.84
  715.43,   608.70,   577.70
  704.53,   723.88,   323.26
  708.03,   728.72,   448.12
  711.52,   733.55,   572.98
  484.39,   467.75,   474.76
  483.08,   468.88,   599.75
  481.77,   470.00,   724.74
  486.66,   592.73,   473.66
  485.36,   593.85,   598.65
  484.05,   594.98,   723.64
  488.94,   717.70,   472.56
  487.63,   718.83,   597.55
  486.32,   719.95,   722.53
  609.36,   465.49,   476.09
  608.05,   466.61,   601.08
  606.74,   467.74,   726.07
  611.64,   590.46,   474.99
  610.33,   591.59,   599.98
  609.02,   592.71,   724.96
  613.91,   715.44,   473.89
  612.60,   716.56,   598.88
  611.29,   717.69,   723.86
  734.33,   463.23,   477.42
  733.03,   464.35,   602.41
  731.72,   465.48,   727.39
  736.61,   588.20,   476.32
  735.30,   589.33,   601.31
  733.99,   590.45,   726.29
  738.88,   713.18,   475.22
  737.58,   714.30,   600.20
  736.27,   715.43,   725.19
  482.22,   476.67,   605.26
  478.83,   476.48,   730.21
  475.44,   476.30,   855.16
  480.24,   601.66,   605.39
  476.85,   601.47,   730.34
  473.46,   601.28,   855.30
  478.26,   726.64,   605.52
  474.87,   726.45,   730.48
  471.48,   726.27,   855.43
  607.16,   478.65,   608.65
  603.77,   478.46,   733.60
  600.38,   478.27,   858.56
  605.18,   603.63,   608.78
  601.79,   603.44,   733.74
  598.40,   603.26,   858.69
  603.20,   728.61,   608.92
  599.81,   728.43,   733.87
  596.42,   728.24,   858.82
  732.09,   480.62,   612.04
  728.71,   480.43,   736.99
  725.32,   480.25,   861.95
  730.12,   605.60,   612.17
  726.73,   605.42,   737.13
  723.34,   605.23,   862.08
  728.14,   730.59,   612.31
  724.75,   730.40,   737.26
  721.36,   730.21,   862.22
  475.92,   615.18,   106.53
  472.40,   612.55,   231.46
  468.88,   609.93,   356.38
  473.16,   740.12,   109.08
  469.64,   737.50,   234.00
  466.12,   734.87,   358.93
  470.41,   865.06,   111.63
  466.89,   862.44,   236.55
  463.37,   859.81,   361.47
  600.84,   617.86,   110.11
  597.32,   615.23,   235.03
  593.80,   612.61,   359.95
  598.08,   742.80,   112.66
  594.56,   740.18,   237.58
  591.04,   737.55,   362.50
  595.33,   867.75,   115.20
  591.81,   865.12,   240.13
  588.29,   862.50,   365.05
  725.76,   620.54,   113.68
  722.24,   617.92,   238.61
  718.72,   615.29,   363.53
  723.00,   745.48,   116.23
  719.48,   742.86,   241.15
  715.96,   740.23,   366.08
  720.25,   870.43,   118.78
  716.73,   867.80,   243.70
  713.21,   865.18,   368.63
  469.38,   591.63,   219.28
  468.50,   592.06,   344.28
  467.63,   592.50,   469.27
  468.48,   716.62,   218.84
  467.60,   717.06,   343.83
  466.72,   717.50,   468.83
  467.57,   841.62,   218.39
  466.70,   842.06,   343.39
  465.82,   842.49,   468.38
  594.37,   592.53,   220.15
  593.50,   592.97,   345.15
  592.62,   593.41,   470.15
  593.47,   717.53,   219.71
  592.59,   717.96,   344.70
  591.72,   718.40,   469.70
  592.57,   842.52,   219.26
  591.69,   842.96,   344.26
  590.82,   843.40,   469.25
  719.37,   593.43,   221.03
  718.49,   593.87,   346.02
  717.61,   594.31,   471.02
  718.46,   718.43,   220.58
  717.59,   718.87,   345.58
  716.71,   719.31,   470.57
  717.56,   843.43,   220.14
  716.69,   843.87,   345.13
  715.81,   844.30,   470.13
  479.73,   591.12,   349.90
  480.31,   591.43,   474.89
  480.89,   591.74,   599.89
  478.98,   716.11,   349.59
  479.56,   716.42,   474.59
  480.14,   716.73,   599.59
  478.22,   841.11,   349.28
  478.80,   841.42,   474.28
  479.38,   841.73,   599.28
  604.73,   591.87,   349.32
  605.31,   592.18,   474.31
  605.89,   592.49,   599.31
  603.97,   716.87,   349.01
  604.55,   717.18,   474.01
  605.13,   717.49,   599.00
  603.22,   841.86,   348.70
  603.80,   842.17,   473.70
  604.38,   842.48,   598.70
  729.72,   592.62,   348.73
  730.30,   592.93,   473.73
  730.88,   593.24,   598.73
  728.97,   717.62,   348.43
  729.55,   717.93,   473.43
  730.13,   718.24,   598.42
  728.22,   842.62,   348.12
  728.79,   842.93,   473.12
  729.37,   843.24,   598.12
  466.76,   608.58,   475.19
  468.19,   610.75,   600.17
  469.62,   612.92,   725.14
  467.13,   733.56,   473.02
  468.56,   735.73,   597.99
  469.99,   737.90,   722.97
  467.50,   858.54,   470.85
  468.93,   860.71,   595.82
  470.36,   862.88,   720.79
  591.75,   608.19,   473.77
  593.18,   610.36,   598.74
  594.61,   612.53,   723.72
  592.12,   733.17,   471.60
  593.55,   735.34,   596.57
  594.98,   737.51,   721.54
  592.49,   858.15,   469.43
  593.92,   860.32,   594.40
  595.35,   862.49,   719.37
  716.74,   607.80,   472.35
  718.17,   609.96,   597.32
  719.60,   612.13,   722.29
  717.11,   732.78,   470.18
  718.54,   734.94,   595.15
  719.97,   737.11,   720.12
  717.48,   857.76,   468.00
  718.91,   859.92,   592.98
  720.34,   862.09,   717.95
  474.41,   595.76,   595.06
  470.92,   597.58,   720.00
  467.43,   599.41,   844.94
  469.83,   720.66,   593.11
  466.34,   722.49,   718.05
  462.84,   724.31,   842.98
  465.25,   845.56,   591.15
  461.75,   847.39,   716.09
  458.26,   849.21,   841.03
  599.28,   600.39,   598.49
  595.78,   602.22,   723.42
  592.29,   604.05,   848.36
  594.69,   725.29,   596.53
  591.20,   727.12,   721.47
  587.71,   728.95,   846.41
  590.11,   850.19,   594.58
  586.62,   852.02,   719.51
  583.13,   853.85,   844.45
  724.14,   605.03,   601.91
  720.65,   606.85,   726.85
  717.16,   608.68,   851.78
  719.56,   729.93,   599.95
  716.07,   731.75,   724.89
  712.58,   733.58,   849.83
  714.98,   854.83,   598.00
  711.49,   856.65,   722.94
  708.00,   858.48,   847.87
  588.22,   102.17,    95.38
  591.68,    98.14,   220.26
  595.14,    94.11,   345.15
  588.95,   227.11,    99.39
  592.41,   223.08,   224.27
  595.86,   219.05,   349.16
  589.67,   352.04,   103.40
  593.13,   348.01,   228.28
  596.59,   343.98,   353.17
  713.17,   101.56,    91.90
  716.63,    97.53,   216.78
  720.09,    93.50,   341.67
  713.90,   226.49,    95.91
  717.36,   222.46,   220.79
  720.81,   218.43,   345.68
  714.62,   351.42,    99.92
  718.08,   347.39,   224.81
  721.54,   343.37,   349.69
  838.12,   100.94,    88.42
  841.58,    96.91,   213.30
  845.04,    92.88,   338.19
  838.85,   225.88,    92.43
  842.31,   221.85,   217.32
  845.76,   217.82,   342.20
  839.57,   350.81,    96.44
  843.03,   346.78,   221.33
  846.49,   342.75,   346.21
  598.56,    99.18,   225.52
  597.62,    97.27,   350.50
  596.68,    95.36,   475.48
  601.29,   224.14,   227.45
  600.35,   222.23,   352.44
  599.42,   220.31,   477.42
  604.03,   349.09,   229.39
  603.09,   347.18,   354.37
  602.15,   345.27,   479.35
  723.53,    96.44,   226.42
  722.59,    94.52,   351.40
  721.65,    92.61,   476.38
  726.26,   221.39,   228.35
  725.32,   219.48,   353.33
  724.38,   217.56,   478.31
  728.99,   346.35,   230.28
  728.05,   344.43,   355.27
  727.12,   342.52,   480.25
  848.49,    93.69,   227.31
  847.56,    91.78,   352.30
  846.62,    89.86,   477.28
  851.23,   218.65,   229.25
  850.29,   216.73,   354.23
  849.35,   214.82,   479.21
  853.96,   343.60,   231.18
  853.02,   341.69,   356.16
  852.08,   339.77,   481.15
  608.79,   104.96,   354.45
  604.11,   107.31,   479.34
  599.44,   109.66,   604.23
  606.76,   229.92,   352.02
  602.09,   232.27,   476.91
  597.41,   234.62,   601.80
  604.74,   354.88,   349.59
  600.06,   357.23,   474.48
  595.38,   359.58,   599.37
  733.69,   107.07,   359.08
  729.01,   109.42,   483.97
  724.33,   111.77,   608.86
  731.66,   232.03,   356.65
  726.98,   234.38,   481.55
  722.31,   236.73,   606.44
  729.63,   356.99,   354.23
  724.96,   359.34,   479.12
  720.28,   361.69,   604.01
  858.58,   109.19,   363.72
  853.90,   111.54,   488.61
  849.23,   113.89,   613.50
  856.55,   234.15,   361.29
  851.88,   236.50,   486.18
  847.20,   238.85,   611.07
  854.53,   359.11,   358.86
  849.85,   361.46,   483.75
  845.17,   363.81,   608.64
  599.84,    94.79,   473.86
  601.16,    93.31,   598.84
  602.48,    91.83,   723.83
  602.14,   219.76,   475.31
  603.46,   218.28,   600.30
  604.77,   216.80,   725.28
  604.43,   344.73,   476.77
  605.75,   343.25,   601.76
  607.07,   341.77,   726.74
  724.81,    92.51,   472.51
  726.13,    91.03,   597.49
  727.45,    89.55,   722.48
  727.11,   217.48,   473.97
  728.43,   216.00,   598.95
  729.75,   214.52,   723.94
  729.40,   342.45,   475.43
  730.72,   340.97,   600.41
  732.04,   339.49,   725.39
  849.78,    90.23,   471.16
  851.10,    88.75,   596.15
  852.42,    87.27,   721.13
  852.08,   215.20,   472.62
  853.40,   213.72,   597.61
  854.72,   212.24,   722.59
  854.38,   340.17,   474.08
  855.69,   338.69,   599.06
  857.01,   337.21,   724.05
  597.74,   105.87,   599.41
  600.48,   102.22,   724.33
  603.22,    98.58,   849.25
  600.52,   230.79,   603.00
  603.26,   227.14,   727.92
  606.00,   223.49,   852.83
  603.30,   355.71,   606.59
  606.04,   352.06,   731.51
  608.78,   348.41,   856.42
  722.68,   103.18,   596.59
  725.42,    99.53,   721.51
  728.16,    95.88,   846.42
  725.46,   228.09,   600.18
  728.20,   224.44,   725.10
  730.94,   220.80,   850.01
  728.24,   353.01,   603.77
  730.98,   349.36,   728.68
  733.72,   345.71,   853.60
  847.62,   100.48,   593.77
  850.36,    96.83,   718.69
  853.10,    93.18,   843.60
  850.40,   225.40,   597.36
  853.14,   221.75,   722.27
  855.88,   218.10,   847.19
  853.17,   350.31,   600.95
  855.92,   346.66,   725.86
  858.66,   343.02,   850.78
  595.36,   240.86,   100.13
  597.03,   242.54,   225.11
  598.70,   244.23,   350.09
  591.29,   365.78,    98.50
  592.95,   367.46,   223.48
  594.62,   369.15,   348.46
  587.21,   490.70,    96.87
  588.88,   492.39,   221.85
  590.54,   494.07,   346.83
  720.28,   244.91,    98.41
  721.95,   246.59,   223.39
  723.62,   248.28,   348.37
  716.21,   369.83,    96.78
  717.88,   371.52,   221.76
  719.54,   373.20,   346.74
  712.13,   494.76,    95.15
  713.80,   496.44,   220.13
  715.47,   498.13,   345.11
  845.21,   248.96,    96.69
  846.87,   250.65,   221.67
  848.54,   252.33,   346.65
  841.13,   373.89,    95.06
  842.80,   375.57,   220.04
  844.47,   377.26,   345.02
  837.06,   498.81,    93.43
  838.72,   500.49,   218.41
  840.39,   502.18,   343.39
  611.74,   229.07,   231.68
  610.14,   228.71,   356.67
  608.54,   228.35,   481.66
  608.90,   354.03,   232.00
  607.30,   353.68,   356.99
  605.70,   353.32,   481.98
  606.07,   479.00,   232.32
  604.47,   478.65,   357.31
  602.87,   478.29,   482.30
  736.69,   231.89,   233.29
  735.09,   231.54,   358.28
  733.49,   231.18,   483.27
  733.86,   356.86,   233.61
  732.26,   356.51,   358.60
  730.66,   356.15,   483.59
  731.03,   481.83,   233.93
  729.43,   481.47,   358.92
  727.83,   481.12,   483.91
  861.65,   234.72,   234.90
  860.05,   234.37,   359.88
  858.45,   234.01,   484.87
  858.82,   359.69,   235.22
  857.22,   359.33,   360.21
  855.62,   358.98,   485.19
  855.99,   484.66,   235.54
  854.39,   484.30,   360.53
  852.79,   483.94,   485.52
  591.94,   222.40,   346.33
  589.07,   220.83,   471.29
  586.20,   219.26,   596.25
  594.24,   347.37,   347.96
  591.37,   345.80,   472.91
  588.50,   344.23,   597.87
  596.53,   472.34,   349.58
  593.66,   470.77,   474.54
  590.79,   469.20,   599.49
  716.89,   220.07,   349.17
  714.02,   218.50,   474.13
  711.15,   216.93,   599.08
  719.18,   345.04,   350.80
  716.31,   343.47,   475.75
  713.44,   341.89,   600.71
  721.48,   470.01,   352.42
  718.61,   468.43,   477.38
  715.74,   466.86,   602.33
  841.83,   217.74,   352.01
  838.96,   216.16,   476.97
  836.09,   214.59,   601.92
  844.13,   342.70,   353.63
  841.26,   341.13,   478.59
  838.39,   339.56,   603.55
  846.42,   467.67,   355.26
  843.56,   466.10,   480.22
  840.69,   464.53,   605.17
  593.93,   222.22,   470.85
  591.52,   224.64,   595.80
  589.11,   227.06,   720.76
  594.79,   347.19,   468.44
  592.38,   349.61,   593.40
  589.97,   352.03,   718.35
  595.64,   472.16,   466.04
  593.23,   474.59,   590.99
  590.82,   477.01,   715.95
  718.91,   221.41,   473.27
  716.50,   223.83,   598.23
  714.09,   226.25,   723.18
  719.76,   346.38,   470.87
  717.35,   348.81,   595.82
  714.94,   351.23,   720.78
  720.61,   471.36,   468.46
  718.20,   473.78,   593.42
  715.79,   476.20,   718.37
  843.88,   220.60,   475.70
  841.47,   223.03,   600.65
  839.06,   225.45,   725.61
  844.73,   345.58,   473.29
  842.32,   348.00,   598.25
  839.92,   350.42,   723.20
  845.59,   470.55,   470.89
  843.18,   472.97,   595.84
  840.77,   475.39,   720.80
  600.22,   217.19,   599.55
  600.87,   216.54,   724.55
  601.52,   215.88,   849.54
  597.84,   342.17,   600.22
  598.49,   341.51,   725.21
  599.14,   340.86,   850.21
  595.47,   467.14,   600.89
  596.12,   466.49,   725.88
  596.77,   465.83,   850.88
  725.19,   219.57,   598.91
  725.85,   218.92,   723.91
  726.50,   218.26,   848.91
  722.82,   344.55,   599.58
  723.47,   343.89,   724.58
  724.12,   343.24,   849.57
  720.44,   469.52,   600.25
  721.09,   468.87,   725.24
  721.74,   468.21,   850.24
  850.17,   221.95,   598.27
  850.82,   221.30,   723.27
  851.47,   220.64,   848.27
  847.79,   346.93,   598.94
  848.44,   346.27,   723.94
  849.10,   345.62,   848.93
  845.42,   471.90,   599.61
  846.07,   471.25,   724.60
  846.72,   470.59,   849.60
  591.44,   341.09,    97.08
  594.76,   339.03,   222.02
  598.08,   336.97,   346.96
  593.28,   466.06,    99.09
  596.60,   464.00,   224.03
  599.92,   461.94,   348.97
  595.12,   591.03,   101.10
  598.44,   588.97,   226.04
  601.76,   586.91,   350.98
  716.38,   339.30,    93.73
  719.70,   337.24,   218.67
  723.02,   335.18,   343.61
  718.22,   464.27,    95.74
  721.54,   462.21,   220.68
  724.86,   460.15,   345.62
  720.07,   589.24,    97.75
  723.39,   587.18,   222.69
  726.70,   585.12,   347.63
  841.32,   337.51,    90.38
  844.64,   335.45,   215.32
  847.96,   333.39,   340.26
  843.16,   462.48,    92.39
  846.48,   460.42,   217.33
  849.80,   458.36,   342.27
  845.01,   587.45,    94.41
  848.33,   585.39,   219.34
  851.65,   583.33,   344.28
  607.90,   351.77,   230.31
  606.48,   350.29,   355.30
  605.06,   348.81,   480.28
  609.52,   476.75,   231.81
  608.10,   475.27,   356.79
  606.68,   473.79,   481.78
  611.15,   601.73,   233.31
  609.73,   600.25,   358.29
  608.31,   598.78,   483.27
  732.88,   350.13,   231.71
  731.46,   348.65,   356.70
  730.04,   347.17,   481.68
  734.51,   475.11,   233.21
  733.09,   473.63,   358.19
  731.67,   472.15,   483.18
  736.13,   600.09,   234.71
  734.71,   598.61,   359.69
  733.29,   597.13,   484.67
  857.86,   348.49,   233.12
  856.44,   347.01,   358.10
  855.02,   345.53,   483.08
  859.49,   473.47,   234.61
  858.07,   471.99,   359.60
  856.65,   470.51,   484.58
  861.11,   598.45,   236.11
  859.69,   596.97,   361.09
  858.27,   595.49,   486.07
  589.99,   352.06,   346.74
  589.98,   351.33,   471.73
  589.96,   350.60,   596.73
  586.57,   477.02,   347.47
  586.55,   476.29,   472.46
  586.53,   475.56,   597.46
  583.15,   601.97,   348.19
  583.13,   601.24,   473.19
  583.11,   600.51,   598.19
  714.95,   355.49,   346.77
  714.93,   354.76,   471.77
  714.91,   354.03,   596.77
  711.52,   480.44,   347.50
  711.50,   479.71,   472.50
  711.49,   478.98,   597.50
  708.10,   605.39,   348.23
  708.08,   604.66,   473.23
  708.06,   603.93,   598.23
  839.90,   358.91,   346.81
  839.88,   358.18,   471.81
  839.86,   357.45,   596.81
  836.48,   483.86,   347.54
  836.46,   483.13,   472.54
  836.44,   482.40,   597.54
  833.05,   608.82,   348.27
  833.03,   608.09,   473.27
  833.01,   607.36,   598.27
  611.73,   339.16,   481.29
  613.17,   336.03,   606.24
  614.60,   332.90,   731.19
  614.90,   464.08,   484.38
  616.34,   460.95,   609.33
  617.77,   457.82,   734.28
  618.08,   589.01,   487.47
  619.51,   585.88,   612.42
  620.94,   582.75,   737.38
  736.68,   336.03,   479.77
  738.12,   332.90,   604.73
  739.55,   329.77,   729.68
  739.86,   460.95,   482.86
  741.29,   457.82,   607.82
  742.72,   454.69,   732.77
  743.03,   585.87,   485.96
  744.46,   582.74,   610.91
  745.90,   579.61,   735.86
  861.64,   332.89,   478.26
  863.07,   329.76,   603.21
  864.50,   326.63,   728.17
  864.81,   457.81,   481.35
  866.24,   454.69,   606.30
  867.68,   451.56,   731.26
  867.98,   582.74,   484.44
  869.41,   579.61,   609.40
  870.85,   576.48,   734.35
  598.40,   353.56,   600.80
  595.90,   354.42,   725.77
  593.40,   355.28,   850.74
  597.12,   478.55,   599.91
  594.62,   479.41,   724.88
  592.11,   480.27,   849.85
  595.83,   603.54,   599.02
  593.33,   604.40,   723.99
  590.83,   605.26,   848.96
  723.37,   354.86,   603.29
  720.87,   355.72,   728.26
  718.37,   356.58,   853.23
  722.09,   479.85,   602.40
  719.58,   480.71,   727.37
  717.08,   481.57,   852.35
  720.80,   604.84,   601.51
  718.30,   605.70,   726.49
  715.80,   606.56,   851.46
  848.34,   356.16,   605.78
  845.84,   357.02,   730.76
  843.34,   357.89,   855.73
  847.06,   481.15,   604.90
  844.55,   482.01,   729.87
  842.05,   482.88,   854.84
  845.77,   606.14,   604.01
  843.27,   607.00,   728.98
  840.76,   607.87,   853.95
  611.35,   471.05,   104.76
  612.19,   470.29,   229.76
  613.03,   469.53,   354.75
  611.87,   596.05,   105.52
  612.71,   595.29,   230.52
  613.55,   594.52,   355.51
  612.40,   721.04,   106.28
  613.23,   720.28,   231.27
  614.07,   719.52,   356.27
  736.35,   470.53,   103.92
  737.19,   469.77,   228.92
  738.02,   469.01,   353.91
  736.87,   595.53,   104.68
  737.71,   594.77,   229.68
  738.54,   594.01,   354.67
  737.39,   720.53,   105.44
  738.23,   719.77,   230.43
  739.07,   719.00,   355.43
  861.34,   470.02,   103.08
  862.18,   469.26,   228.08
  863.02,   468.49,   353.07
  861.87,   595.01,   103.84
  862.70,   594.25,   228.83
  863.54,   593.49,   353.83
  862.39,   720.01,   104.60
  863.23,   719.25,   229.59
  864.06,   718.49,   354.59
  601.66,   486.87,   231.56
  604.83,   482.46,   356.44
  608.01,   478.04,   481.32
  600.24,   611.78,   236.01
  603.41,   607.37,   360.89
  606.58,   602.95,   485.78
  598.81,   736.70,   240.46
  601.99,   732.28,   365.35
  605.16,   727.87,   490.23
  726.61,   488.41,   228.44
  729.79,   483.99,   353.32
  732.96,   479.58,   478.20
  725.19,   613.32,   232.89
  728.36,   608.90,   357.77
  731.54,   604.49,   482.65
  723.76,   738.23,   237.34
  726.94,   733.82,   362.22
  730.11,   729.40,   487.11
  851.56,   489.94,   225.32
  854.74,   485.53,   350.20
  857.91,   481.11,   475.08
  850.14,   614.86,   229.77
  853.31,   610.44,   354.65
  856.49,   606.03,   479.53
  848.72,   739.77,   234.22
  851.89,   735.35,   359.10
  855.06,   730.94,   483.98
  590.68,   462.22,   340.01
  594.29,   464.48,   464.93
  597.89,   466.73,   589.86
  592.32,   587.19,   337.71
  595.92,   589.44,   462.63
  599.53,   591.70,   587.56
  593.96,   712.16,   335.40
  597.56,   714.41,   460.33
  601.17,   716.66,   585.26
  715.62,   460.52,   336.43
  719.22,   462.77,   461.36
  722.83,   465.03,   586.29
  717.26,   585.49,   334.13
  720.86,   587.74,   459.06
  724.47,   589.99,   583.98
  718.89,   710.46,   331.83
  722.50,   712.71,   456.76
  726.10,   714.96,   581.68
  840.56,   458.82,   332.86
  844.16,   461.07,   457.78
  847.77,   463.32,   582.71
  842.19,   583.79,   330.55
  845.80,   586.04,   455.48
  849.40,   588.29,   580.41
  843.83,   708.75,   328.25
  847.44,   711.01,   453.18
  851.04,   713.26,   578.11
  596.67,   481.67,   474.82
  599.11,   482.28,   599.79
  601.55,   482.89,   724.77
  592.84,   606.61,   474.28
  595.28,   607.22,   599.26
  597.72,   607.83,   724.23
  589.00,   731.55,   473.75
  591.44,   732.16,   598.73
  593.88,   732.77,   723.70
  721.59,   485.50,   472.36
  724.03,   486.11,   597.33
  726.47,   486.72,   722.31
  717.75,   610.44,   471.83
  720.19,   611.05,   596.80
  722.63,   611.66,   721.78
  713.92,   735.38,   471.29
  716.36,   735.99,   596.27
  718.80,   736.60,   721.24
  846.51,   489.32,   469.90
  848.95,   489.93,   594.88
  851.39,   490.54,   719.85
  842.67,   614.26,   469.37
  845.11,   614.87,   594.34
  847.55,   615.48,   719.32
  838.83,   739.20,   468.83
  841.27,   739.81,   593.81
  843.72,   740.42,   718.78
  603.75,   466.23,   599.85
  602.94,   464.63,   724.84
  602.14,   463.04,   849.83
  606.22,   591.19,   601.46
  605.42,   589.60,   726.45
  604.62,   588.00,   851.44
  608.70,   716.16,   603.07
  607.90,   714.56,   728.06
  607.09,   712.97,   853.05
  728.72,   463.74,   600.62
  727.91,   462.14,   725.61
  727.11,   460.55,   850.60
  731.20,   588.70,   602.23
  730.39,   587.11,   727.22
  729.59,   585.51,   852.21
  733.68,   713.67,   603.84
  732.87,   712.07,   728.83
  732.07,   710.48,   853.82
  853.69,   461.25,   601.40
  852.89,   459.65,   726.38
  852.08,   458.06,   851.37
  856.17,   586.21,   603.01
  855.37,   584.62,   727.99
  854.56,   583.03,   852.98
  858.65,   711.18,   604.62
  857.84,   709.58,   729.60
  857.04,   707.99,   854.59
  598.68,   609.26,   104.29
  594.79,   606.35,   229.19
  590.90,   603.45,   354.10
  599.48,   734.22,   107.22
  595.59,   731.32,   232.13
  591.70,   728.41,   357.03
  600.28,   859.19,   110.15
  596.39,   856.28,   235.06
  592.50,   853.37,   359.97
  723.62,   608.37,   108.16
  719.73,   605.46,   233.06
  715.84,   602.56,   357.97
  724.41,   733.33,   111.09
  720.53,   730.43,   236.00
  716.64,   727.52,   360.90
  725.21,   858.30,   114.02
  721.33,   855.39,   238.93
  717.44,   852.48,   363.83
  848.55,   607.48,   112.03
  844.66,   604.57,   236.93
  840.77,   601.67,   361.84
  849.35,   732.44,   114.96
  845.46,   729.54,   239.87
  841.57,   726.63,   364.77
  850.15,   857.41,   117.89
  846.26,   854.50,   242.80
  842.37,   851.59,   367.70
  609.03,   607.01,   231.74
  606.83,   603.35,   356.67
  604.63,   599.69,   481.60
  609.32,   731.96,   235.41
  607.12,   728.30,   360.34
  604.92,   724.63,   485.26
  609.61,   856.90,   239.08
  607.41,   853.24,   364.00
  605.21,   849.58,   488.93
  734.01,   606.66,   233.93
  731.81,   603.00,   358.86
  729.61,   599.33,   483.79
  734.30,   731.61,   237.60
  732.10,   727.94,   362.53
  729.90,   724.28,   487.45
  734.59,   856.55,   241.27
  732.39,   852.89,   366.19
  730.19,   849.23,   491.12
  858.99,   606.31,   236.12
  856.79,   602.64,   361.05
  854.59,   598.98,   485.98
  859.28,   731.25,   239.79
  857.08,   727.59,   364.72
  854.88,   723.93,   489.64
  859.57,   856.20,   243.46
  857.37,   852.53,   368.38
  855.17,   848.87,   493.31
  603.69,   601.42,   353.31
  600.71,   602.58,   478.27
  597.73,   603.73,   603.23
  602.70,   726.42,   352.13
  599.72,   727.57,   477.09
  596.75,   728.72,   602.05
  601.72,   851.41,   350.96
  598.74,   852.56,   475.91
  595.76,   853.72,   600.87
  728.65,   602.44,   356.28
  725.67,   603.59,   481.24
  722.69,   604.74,   606.20
  727.66,   727.43,   355.10
  724.68,   728.58,   480.06
  721.71,   729.73,   605.02
  726.68,   852.42,   353.93
  723.70,   853.57,   478.88
  720.72,   854.73,   603.84
  853.61,   603.45,   359.25
  850.63,   604.60,   484.21
  847.65,   605.75,   609.17
  852.62,   728.44,   358.07
  849.65,   729.59,   483.03
  846.67,   730.75,   607.99
  851.64,   853.43,   356.89
  848.66,   854.58,   481.85
  845.68,   855.74,   606.81
  604.34,   599.16,   476.05
  602.23,   599.73,   601.03
  600.13,   600.30,   726.01
  607.85,   724.11,   475.54
  605.75,   724.68,   600.52
  603.64,   725.25,   725.51
  611.36,   849.06,   475.04
  609.26,   849.63,   600.02
  607.16,   850.20,   725.00
  729.27,   595.66,   478.17
  727.17,   596.23,   603.15
  725.06,   596.79,   728.13
  732.78,   720.61,   477.66
  730.68,   721.17,   602.64
  728.58,   721.74,   727.62
  736.30,   845.56,   477.16
  734.19,   846.12,   602.14
  732.09,   846.69,   727.12
  854.20,   592.15,   480.29
  852.10,   592.72,   605.27
  850.00,   593.29,   730.25
  857.72,   717.10,   479.78
  855.61,   717.67,   604.76
  853.51,   718.24,   729.74
  861.23,   842.05,   479.27
  859.13,   842.62,   604.25
  857.02,   843.19,   729.24
  609.45,   597.53,   603.35
  607.48,   599.95,   728.31
  605.50,   602.36,   853.27
  608.56,   722.50,   600.92
  606.58,   724.92,   725.88
  604.61,   727.34,   850.84
  607.66,   847.48,   598.49
  605.68,   849.89,   723.45
  603.71,   852.31,   848.41
  734.43,   598.47,   605.31
  732.46,   600.88,   730.27
  730.49,   603.30,   855.23
  733.54,   723.44,   602.88
  731.56,   725.86,   727.84
  729.59,   728.27,   852.80
  732.64,   848.41,   600.45
  730.66,   850.83,   725.41
  728.69,   853.24,   850.37
  859.42,   599.40,   607.27
  857.44,   601.82,   732.23
  855.47,   604.23,   857.19
  858.52,   724.38,   604.84
  856.54,   726.79,   729.80
  854.57,   729.21,   854.76
  857.62,   849.35,   602.41
  855.65,   851.76,   727.37
  853.67,   854.18,   852.33
