27, 125, pa2-unknown-i-output1.txt
  191.98,   192.72,   201.22
  398.21,   405.89,   201.92
  103.05,    90.40,    97.56
  100.48,    88.99,   222.53
   97.91,    87.58,   347.49
  103.24,   215.39,    98.97
  100.67,   213.98,   223.94
   98.10,   212.58,   348.91
  103.44,   340.39,   100.39
  100.87,   338.98,   225.35
   98.30,   337.57,   350.32
  228.02,    90.18,   100.13
  225.45,    88.77,   225.09
  222.88,    87.36,   350.06
  228.22,   215.17,   101.54
  225.65,   213.76,   226.51
  223.08,   212.35,   351.47
  228.41,   340.16,   102.95
  225.84,   338.75,   227.92
  223.27,   337.34,   352.89
  353.00,    89.96,   102.69
  350.43,    88.55,   227.66
  347.86,    87.14,   352.63
  353.19,   214.95,   104.11
  350.62,   213.54,   229.07
  348.05,   212.13,   354.04
  353.38,   339.94,   105.52
  350.81,   338.53,   230.49
  348.25,   337.12,   355.45
   98.83,   112.35,   226.52
  102.28,   110.49,   351.46
  105.73,   108.64,   476.40
   97.46,   237.32,   228.41
  100.91,   235.47,   353.35
  104.36,   233.62,   478.29
   96.09,   362.30,   230.30
   99.54,   360.45,   355.24
  102.99,   358.60,   480.18
  223.77,   113.76,   223.09
  227.22,   111.91,   348.03
  230.68,   110.06,   472.97
  222.41,   238.74,   224.98
  225.86,   236.89,   349.92
  229.31,   235.04,   474.86
  221.04,   363.72,   226.87
  224.49,   361.87,   351.81
  227.94,   360.02,   476.75
  348.72,   115.18,   219.66
  352.17,   113.33,   344.60
  355.62,   111.48,   469.54
  347.35,   240.16,   221.55
  350.80,   238.31,   346.49
  354.25,   236.46,   471.43
  345.98,   365.14,   223.44
  349.43,   363.29,   348.38
  352.88,   361.44,   473.32
  104.25,    99.67,   350.18
  106.41,    99.96,   475.17
  108.57,   100.26,   600.15
  100.66,   224.62,   349.96
  102.82,   224.91,   474.94
  104.98,   225.20,   599.92
   97.07,   349.57,   349.73
   99.23,   349.86,   474.71
  101.39,   350.15,   599.69
  229.18,   103.26,   348.02
  231.34,   103.55,   473.00
  233.50,   103.84,   597.98
  225.59,   228.21,   347.79
  227.75,   228.50,   472.77
  229.91,   228.79,   597.75
  222.00,   353.15,   347.56
  224.16,   353.45,   472.54
  226.32,   353.74,   597.52
  354.11,   106.85,   345.85
  356.27,   107.14,   470.83
  358.43,   107.43,   595.81
  350.52,   231.79,   345.62
  352.68,   232.09,   470.60
  354.84,   232.38,   595.58
  346.93,   356.74,   345.39
  349.09,   357.03,   470.37
  351.25,   357.33,   595.35
  103.14,   108.20,   474.55
  100.46,   105.57,   599.50
   97.77,   102.93,   724.44
  101.66,   233.17,   477.15
   98.98,   230.53,   602.10
   96.30,   227.90,   727.04
  100.19,   358.13,   479.76
   97.51,   355.50,   604.70
   94.83,   352.86,   729.64
  228.10,   109.62,   477.26
  225.42,   106.98,   602.21
  222.74,   104.35,   727.15
  226.63,   234.58,   479.87
  223.95,   231.95,   604.81
  221.26,   229.32,   729.75
  225.15,   359.55,   482.47
  222.47,   356.91,   607.41
  219.79,   354.28,   732.36
  353.06,   111.03,   479.98
  350.38,   108.40,   604.92
  347.70,   105.77,   729.86
  351.59,   236.00,   482.58
  348.91,   233.37,   607.52
  346.23,   230.73,   732.47
  350.12,   360.96,   485.18
  347.43,   358.33,   610.13
  344.75,   355.70,   735.07
   94.36,    97.61,   600.44
   97.53,    98.22,   725.40
  100.69,    98.82,   850.36
   97.28,   222.58,   599.76
  100.45,   223.18,   724.72
  103.62,   223.79,   849.68
  100.21,   347.54,   599.08
  103.37,   348.15,   724.04
  106.54,   348.75,   849.00
  219.29,    94.68,   597.29
  222.45,    95.28,   722.25
  225.62,    95.89,   847.21
  222.21,   219.64,   596.61
  225.38,   220.25,   721.57
  228.54,   220.85,   846.53
  225.13,   344.60,   595.93
  228.30,   345.21,   720.89
  231.46,   345.81,   845.85
  344.21,    91.74,   594.14
  347.38,    92.34,   719.10
  350.55,    92.95,   844.06
  347.13,   216.70,   593.46
  350.30,   217.31,   718.42
  353.47,   217.91,   843.38
  350.06,   341.67,   592.78
  353.22,   342.27,   717.74
  356.39,   342.88,   842.70
  108.90,   226.95,   100.06
  106.03,   226.25,   225.03
  103.16,   225.54,   349.99
  110.82,   351.94,   100.81
  107.95,   351.23,   225.77
  105.07,   350.53,   350.74
  112.73,   476.92,   101.56
  109.86,   476.21,   226.52
  106.99,   475.51,   351.49
  233.85,   225.02,   102.92
  230.98,   224.32,   227.88
  228.11,   223.61,   352.85
  235.77,   350.00,   103.67
  232.90,   349.30,   228.63
  230.03,   348.59,   353.60
  237.68,   474.99,   104.42
  234.81,   474.28,   229.38
  231.94,   473.58,   354.35
  358.80,   223.09,   105.78
  355.93,   222.38,   230.74
  353.06,   221.68,   355.71
  360.72,   348.07,   106.53
  357.85,   347.36,   231.49
  354.98,   346.66,   356.46
  362.64,   473.05,   107.28
  359.77,   472.35,   232.24
  356.90,   471.64,   357.21
  112.13,   224.07,   224.56
  110.63,   221.81,   349.53
  109.14,   219.55,   474.50
  111.12,   349.05,   226.81
  109.63,   346.79,   351.78
  108.13,   344.53,   476.75
  110.12,   474.02,   229.05
  108.62,   471.76,   354.03
  107.13,   469.50,   479.00
  237.11,   225.05,   226.07
  235.62,   222.79,   351.04
  234.13,   220.53,   476.01
  236.11,   350.02,   228.32
  234.61,   347.76,   353.29
  233.12,   345.50,   478.26
  235.10,   475.00,   230.57
  233.61,   472.74,   355.54
  232.12,   470.48,   480.51
  362.10,   226.02,   227.58
  360.61,   223.76,   352.55
  359.11,   221.50,   477.52
  361.10,   351.00,   229.83
  359.60,   348.74,   354.80
  358.11,   346.48,   479.77
  360.09,   475.98,   232.08
  358.60,   473.72,   357.05
  357.10,   471.46,   482.02
   99.03,   232.51,   352.56
   98.30,   231.80,   477.55
   97.57,   231.09,   602.55
  101.45,   357.49,   353.28
  100.72,   356.78,   478.28
   99.99,   356.07,   603.27
  103.87,   482.46,   354.01
  103.14,   481.75,   479.00
  102.41,   481.04,   604.00
  224.00,   230.09,   353.27
  223.27,   229.38,   478.27
  222.54,   228.67,   603.26
  226.42,   355.06,   354.00
  225.70,   354.35,   478.99
  224.97,   353.64,   603.99
  228.85,   480.04,   354.72
  228.12,   479.33,   479.72
  227.39,   478.61,   604.72
  348.98,   227.66,   353.99
  348.25,   226.95,   478.98
  347.52,   226.24,   603.98
  351.40,   352.64,   354.71
  350.67,   351.93,   479.71
  349.94,   351.22,   604.70
  353.82,   477.61,   355.44
  353.09,   476.90,   480.43
  352.36,   476.19,   605.43
  107.47,   226.00,   475.94
  106.80,   228.27,   600.92
  106.14,   230.54,   725.90
  109.69,   350.96,   473.68
  109.03,   353.23,   598.66
  108.36,   355.50,   723.64
  111.92,   475.92,   471.42
  111.25,   478.19,   596.40
  110.59,   480.46,   721.38
  232.44,   223.79,   476.65
  231.78,   226.06,   601.63
  231.12,   228.33,   726.60
  234.67,   348.75,   474.39
  234.01,   351.02,   599.37
  233.34,   353.29,   724.34
  236.90,   473.71,   472.13
  236.23,   475.98,   597.11
  235.57,   478.25,   722.08
  357.42,   221.57,   477.35
  356.76,   223.85,   602.33
  356.09,   226.12,   727.31
  359.65,   346.53,   475.09
  358.98,   348.81,   600.07
  358.32,   351.08,   725.05
  361.87,   471.49,   472.83
  361.21,   473.77,   597.81
  360.55,   476.04,   722.79
  103.17,   229.28,   599.95
  102.08,   228.40,   724.94
  101.00,   227.51,   849.93
  100.46,   354.25,   600.81
   99.38,   353.36,   725.80
   98.29,   352.47,   850.80
   97.75,   479.22,   601.68
   96.67,   478.33,   726.67
   95.59,   477.44,   851.66
  228.13,   231.98,   601.05
  227.05,   231.09,   726.04
  225.97,   230.21,   851.03
  225.43,   356.95,   601.91
  224.34,   356.06,   726.91
  223.26,   355.17,   851.90
  222.72,   481.92,   602.78
  221.64,   481.03,   727.77
  220.55,   480.14,   852.76
  353.10,   234.68,   602.15
  352.02,   233.79,   727.14
  350.93,   232.90,   852.14
  350.39,   359.65,   603.02
  349.31,   358.76,   728.01
  348.23,   357.87,   853.00
  347.69,   484.62,   603.88
  346.60,   483.73,   728.87
  345.52,   482.84,   853.87
  111.08,   364.05,   105.27
  112.34,   363.49,   230.26
  113.60,   362.92,   355.25
  113.86,   489.02,   105.80
  115.12,   488.45,   230.79
  116.38,   487.89,   355.78
  116.65,   613.98,   106.33
  117.91,   613.42,   231.33
  119.17,   612.86,   356.32
  236.04,   361.27,   103.99
  237.30,   360.71,   228.99
  238.56,   360.14,   353.98
  238.83,   486.24,   104.53
  240.09,   485.67,   229.52
  241.34,   485.11,   354.51
  241.61,   611.20,   105.06
  242.87,   610.64,   230.06
  244.13,   610.08,   355.05
  361.00,   358.49,   102.72
  362.26,   357.93,   227.72
  363.52,   357.36,   352.71
  363.79,   483.46,   103.26
  365.05,   482.89,   228.25
  366.31,   482.33,   353.24
  366.57,   608.42,   103.79
  367.83,   607.86,   228.79
  369.09,   607.30,   353.78
  101.81,   350.11,   225.82
  105.08,   347.06,   350.74
  108.34,   344.00,   475.66
  100.97,   475.07,   228.90
  104.24,   472.01,   353.82
  107.50,   468.96,   478.74
  100.13,   600.03,   231.97
  103.40,   596.97,   356.89
  106.66,   593.92,   481.81
  226.77,   351.03,   222.58
  230.03,   347.98,   347.50
  233.30,   344.92,   472.42
  225.93,   475.99,   225.65
  229.19,   472.93,   350.57
  232.46,   469.88,   475.49
  225.09,   600.95,   228.73
  228.35,   597.89,   353.65
  231.62,   594.84,   478.57
  351.72,   351.95,   219.33
  354.99,   348.90,   344.25
  358.25,   345.84,   469.17
  350.88,   476.91,   222.41
  354.15,   473.86,   347.33
  357.41,   470.80,   472.25
  350.04,   601.87,   225.49
  353.30,   598.81,   350.41
  356.57,   595.76,   475.33
   92.41,   339.44,   346.57
   90.03,   344.25,   471.45
   87.64,   349.05,   596.34
   92.00,   464.35,   341.76
   89.62,   469.15,   466.64
   87.23,   473.95,   591.53
   91.59,   589.26,   336.95
   89.20,   594.06,   461.83
   86.82,   598.86,   586.72
  217.39,   339.95,   348.94
  215.01,   344.75,   473.82
  212.62,   349.55,   598.71
  216.98,   464.86,   344.13
  214.59,   469.66,   469.01
  212.21,   474.46,   593.90
  216.57,   589.76,   339.32
  214.18,   594.56,   464.20
  211.79,   599.36,   589.09
  342.37,   340.45,   351.30
  339.98,   345.25,   476.19
  337.60,   350.06,   601.07
  341.96,   465.36,   346.49
  339.57,   470.16,   471.38
  337.18,   474.96,   596.26
  341.54,   590.27,   341.68
  339.16,   595.07,   466.57
  336.77,   599.87,   591.45
   90.97,   342.52,   470.68
   89.81,   345.09,   595.65
   88.65,   347.66,   720.61
   88.38,   467.47,   468.08
   87.22,   470.04,   593.05
   86.06,   472.61,   718.02
   85.78,   592.41,   465.49
   84.62,   594.98,   590.46
   83.46,   597.55,   715.43
  215.94,   345.14,   471.79
  214.78,   347.71,   596.75
  213.62,   350.28,   721.72
  213.35,   470.08,   469.19
  212.18,   472.65,   594.16
  211.02,   475.22,   719.13
  210.75,   595.03,   466.60
  209.59,   597.60,   591.57
  208.43,   600.17,   716.53
  340.91,   347.76,   472.89
  339.75,   350.33,   597.86
  338.59,   352.90,   722.83
  338.31,   472.70,   470.30
  337.15,   475.27,   595.27
  335.99,   477.84,   720.23
  335.72,   597.65,   467.70
  334.56,   600.22,   592.67
  333.40,   602.79,   717.64
   99.28,   358.37,   603.16
  101.25,   357.06,   728.13
  103.21,   355.74,   853.11
   99.04,   483.36,   604.48
  101.00,   482.05,   729.45
  102.96,   480.73,   854.43
   98.79,   608.36,   605.79
  100.75,   607.04,   730.77
  102.71,   605.73,   855.75
  224.27,   358.64,   601.20
  226.23,   357.32,   726.18
  228.19,   356.01,   851.15
  224.02,   483.63,   602.52
  225.98,   482.32,   727.49
  227.94,   481.00,   852.47
  223.77,   608.62,   603.84
  225.74,   607.31,   728.81
  227.70,   605.99,   853.79
  349.25,   358.91,   599.24
  351.21,   357.59,   724.22
  353.18,   356.28,   849.20
  349.01,   483.90,   600.56
  350.97,   482.58,   725.54
  352.93,   481.27,   850.51
  348.76,   608.89,   601.88
  350.72,   607.58,   726.86
  352.68,   606.26,   851.83
   86.92,   462.66,    94.06
   84.83,   460.53,   219.02
   82.74,   458.41,   343.98
   86.42,   587.64,    96.17
   84.33,   585.51,   221.14
   82.23,   583.39,   346.10
   85.91,   712.62,    98.29
   83.82,   710.50,   223.25
   81.73,   708.37,   348.22
  211.90,   463.13,    96.16
  209.81,   461.00,   221.12
  207.72,   458.88,   346.09
  211.40,   588.11,    98.27
  209.31,   585.98,   223.24
  207.21,   583.86,   348.20
  210.89,   713.09,   100.39
  208.80,   710.96,   225.36
  206.71,   708.84,   350.32
  336.89,   463.60,    98.26
  334.79,   461.47,   223.22
  332.70,   459.35,   348.19
  336.38,   588.58,   100.37
  334.29,   586.45,   225.34
  332.20,   584.33,   350.30
  335.88,   713.56,   102.49
  333.78,   711.43,   227.46
  331.69,   709.31,   352.42
  104.54,   469.77,   224.97
  102.53,   472.70,   349.91
  100.51,   475.64,   474.86
  102.52,   594.72,   222.00
  100.50,   597.65,   346.95
   98.48,   600.59,   471.90
  100.49,   719.66,   219.03
   98.48,   722.60,   343.98
   96.46,   725.54,   468.93
  229.51,   471.84,   226.94
  227.49,   474.78,   351.88
  225.48,   477.71,   476.83
  227.49,   596.79,   223.97
  225.47,   599.72,   348.92
  223.45,   602.66,   473.87
  225.46,   721.74,   221.00
  223.44,   724.67,   345.95
  221.43,   727.61,   470.90
  354.48,   473.91,   228.90
  352.46,   476.85,   353.85
  350.44,   479.78,   478.80
  352.45,   598.86,   225.94
  350.44,   601.80,   350.89
  348.42,   604.73,   475.83
  350.43,   723.81,   222.97
  348.41,   726.74,   347.92
  346.39,   729.68,   472.87
  106.53,   465.58,   345.38
  104.03,   468.48,   470.32
  101.53,   471.38,   595.26
  105.05,   590.54,   342.45
  102.55,   593.44,   467.39
  100.05,   596.34,   592.33
  103.57,   715.50,   339.52
  101.07,   718.39,   464.46
   98.57,   721.29,   589.40
  231.49,   467.12,   347.84
  229.00,   470.02,   472.78
  226.50,   472.92,   597.72
  230.01,   592.08,   344.91
  227.52,   594.98,   469.85
  225.02,   597.87,   594.80
  228.53,   717.03,   341.98
  226.03,   719.93,   466.93
  223.54,   722.83,   591.87
  356.46,   468.66,   350.30
  353.96,   471.56,   475.25
  351.46,   474.45,   600.19
  354.98,   593.61,   347.38
  352.48,   596.51,   472.32
  349.98,   599.41,   597.26
  353.50,   718.57,   344.45
  351.00,   721.47,   469.39
  348.50,   724.37,   594.33
  108.12,   475.16,   474.43
  104.20,   471.65,   599.32
  100.28,   468.14,   724.21
  111.86,   600.05,   478.06
  107.94,   596.54,   602.95
  104.02,   593.03,   727.84
  115.60,   724.94,   481.69
  111.68,   721.43,   606.58
  107.77,   717.92,   731.47
  233.00,   471.31,   478.24
  229.08,   467.79,   603.13
  225.16,   464.28,   728.02
  236.74,   596.20,   481.87
  232.82,   592.69,   606.76
  228.91,   589.17,   731.65
  240.48,   721.09,   485.50
  236.57,   717.58,   610.39
  232.65,   714.07,   735.28
  357.88,   467.45,   482.05
  353.97,   463.94,   606.94
  350.05,   460.43,   731.83
  361.63,   592.34,   485.68
  357.71,   588.83,   610.57
  353.79,   585.32,   735.46
  365.37,   717.24,   489.31
  361.45,   713.72,   614.20
  357.53,   710.21,   739.09
  105.22,   472.86,   599.28
  102.67,   472.74,   724.25
  100.11,   472.62,   849.23
  105.37,   597.86,   599.40
  102.81,   597.74,   724.37
  100.26,   597.62,   849.35
  105.51,   722.86,   599.52
  102.96,   722.74,   724.49
  100.40,   722.62,   849.47
  230.19,   472.71,   601.84
  227.64,   472.59,   726.81
  225.08,   472.48,   851.78
  230.34,   597.71,   601.95
  227.78,   597.59,   726.93
  225.23,   597.48,   851.90
  230.49,   722.71,   602.07
  227.93,   722.59,   727.05
  225.38,   722.48,   852.02
  355.17,   472.56,   604.39
  352.61,   472.44,   729.36
  350.06,   472.33,   854.34
  355.31,   597.56,   604.51
  352.76,   597.44,   729.48
  350.20,   597.33,   854.46
  355.46,   722.56,   604.63
  352.90,   722.44,   729.60
  350.35,   722.33,   854.58
   95.02,   614.87,   104.58
   97.00,   610.68,   229.49
   98.98,   606.49,   354.41
   98.06,   739.76,   108.71
  100.04,   735.57,   233.63
  102.02,   731.39,   358.54
  101.10,   864.65,   112.85
  103.08,   860.47,   237.77
  105.06,   856.28,   362.68
  219.97,   611.89,   102.50
  221.95,   607.71,   227.41
  223.93,   603.52,   352.33
  223.01,   736.79,   106.63
  224.99,   732.60,   231.55
  226.97,   728.42,   356.46
  226.05,   861.68,   110.77
  228.03,   857.50,   235.69
  230.01,   853.31,   360.60
  344.92,   608.92,   100.42
  346.90,   604.74,   225.33
  348.88,   600.55,   350.25
  347.96,   733.82,   104.56
  349.94,   729.63,   229.47
  351.92,   725.44,   354.38
  351.00,   858.71,   108.69
  352.98,   854.53,   233.61
  354.96,   850.34,   358.52
  102.09,   601.64,   227.99
  105.06,   601.35,   352.96
  108.03,   601.06,   477.92
  100.81,   726.64,   228.31
  103.77,   726.35,   353.28
  106.74,   726.06,   478.24
   99.52,   851.63,   228.63
  102.49,   851.34,   353.60
  105.45,   851.05,   478.56
  227.05,   602.94,   225.03
  230.02,   602.65,   350.00
  232.98,   602.36,   474.96
  225.77,   727.93,   225.35
  228.73,   727.64,   350.32
  231.70,   727.35,   475.28
  224.48,   852.92,   225.67
  227.45,   852.63,   350.63
  230.41,   852.34,   475.60
  352.01,   604.23,   222.07
  354.98,   603.94,   347.03
  357.94,   603.65,   472.00
  350.72,   729.22,   222.39
  353.69,   728.93,   347.35
  356.66,   728.64,   472.32
  349.44,   854.21,   222.71
  352.40,   853.93,   347.67
  355.37,   853.64,   472.64
   97.92,   609.62,   353.43
   95.48,   610.81,   478.40
   93.04,   612.01,   603.37
   98.13,   734.62,   352.24
   95.69,   735.81,   477.21
   93.25,   737.00,   602.18
   98.34,   859.61,   351.05
   95.90,   860.80,   476.02
   93.46,   861.99,   600.99
  222.90,   609.44,   355.87
  220.46,   610.63,   480.84
  218.02,   611.82,   605.81
  223.11,   734.43,   354.68
  220.67,   735.62,   479.66
  218.22,   736.81,   604.63
  223.31,   859.42,   353.50
  220.87,   860.62,   478.47
  218.43,   861.81,   603.44
  347.87,   609.25,   358.32
  345.43,   610.44,   483.29
  342.99,   611.64,   608.26
  348.08,   734.25,   357.13
  345.64,   735.44,   482.10
  343.20,   736.63,   607.07
  348.29,   859.24,   355.94
  345.85,   860.43,   480.91
  343.41,   861.62,   605.88
  104.40,   598.26,   475.56
  102.75,   601.71,   600.50
  101.10,   605.17,   725.44
  104.56,   723.21,   472.11
  102.91,   726.66,   597.05
  101.27,   730.12,   721.99
  104.73,   848.16,   468.65
  103.08,   851.62,   593.59
  101.43,   855.07,   718.53
  229.38,   598.13,   477.21
  227.73,   601.59,   602.15
  226.09,   605.04,   727.09
  229.55,   723.09,   473.76
  227.90,   726.54,   598.70
  226.25,   730.00,   723.64
  229.72,   848.04,   470.31
  228.07,   851.49,   595.25
  226.42,   854.95,   720.19
  354.37,   598.01,   478.87
  352.72,   601.46,   603.81
  351.07,   604.92,   728.75
  354.54,   722.96,   475.41
  352.89,   726.42,   600.35
  351.24,   729.87,   725.29
  354.71,   847.91,   471.96
  353.06,   851.37,   596.90
  351.41,   854.82,   721.84
   94.12,   604.19,   600.96
   91.93,   603.48,   725.94
   89.74,   602.78,   850.91
   96.52,   729.16,   601.70
   94.33,   728.46,   726.68
   92.14,   727.76,   851.66
   98.92,   854.14,   602.45
   96.73,   853.43,   727.42
   94.54,   852.73,   852.40
  219.08,   601.77,   603.14
  216.89,   601.07,   728.11
  214.69,   600.37,   853.09
  221.48,   726.75,   603.88
  219.29,   726.05,   728.86
  217.10,   725.34,   853.84
  223.88,   851.72,   604.62
  221.69,   851.02,   729.60
  219.50,   850.32,   854.58
  344.04,   599.36,   605.31
  341.85,   598.66,   730.29
  339.65,   597.96,   855.27
  346.44,   724.34,   606.06
  344.25,   723.63,   731.04
  342.05,   722.93,   856.02
  348.84,   849.31,   606.80
  346.65,   848.61,   731.78
  344.45,   847.91,   856.76
  223.85,   105.38,    99.41
  224.47,   105.05,   224.41
  225.09,   104.72,   349.41
  220.20,   230.33,    99.76
  220.82,   230.00,   224.76
  221.44,   229.66,   349.76
  216.54,   355.28,   100.11
  217.16,   354.94,   225.11
  217.78,   354.61,   350.11
  348.80,   109.04,    98.80
  349.42,   108.71,   223.80
  350.04,   108.38,   348.80
  345.14,   233.99,    99.15
  345.76,   233.65,   224.15
  346.38,   233.32,   349.15
  341.49,   358.93,    99.50
  342.11,   358.60,   224.50
  342.73,   358.27,   349.50
  473.74,   112.70,    98.19
  474.36,   112.36,   223.19
  474.98,   112.03,   348.18
  470.09,   237.64,    98.54
  470.71,   237.31,   223.54
  471.33,   236.98,   348.54
  466.43,   362.59,    98.89
  467.05,   362.26,   223.89
  467.67,   361.92,   348.89
  216.93,    93.39,   223.90
  216.24,    91.67,   348.89
  215.54,    89.96,   473.87
  213.43,   218.33,   225.59
  212.74,   216.61,   350.58
  212.04,   214.90,   475.57
  209.94,   343.27,   227.29
  209.24,   341.55,   352.28
  208.54,   339.84,   477.26
  341.88,    96.87,   224.64
  341.18,    95.16,   349.63
  340.49,    93.44,   474.62
  338.38,   221.81,   226.34
  337.69,   220.10,   351.32
  336.99,   218.38,   476.31
  334.89,   346.75,   228.03
  334.19,   345.04,   353.02
  333.49,   343.32,   478.01
  466.83,   100.36,   225.39
  466.13,    98.65,   350.37
  465.44,    96.93,   475.36
  463.33,   225.30,   227.08
  462.64,   223.59,   352.07
  461.94,   221.87,   477.05
  459.83,   350.24,   228.78
  459.14,   348.53,   353.76
  458.44,   346.81,   478.75
  235.98,    91.80,   349.53
  236.66,    89.83,   474.51
  237.34,    87.85,   599.50
  237.46,   216.78,   351.50
  238.14,   214.80,   476.48
  238.82,   212.83,   601.46
  238.94,   341.76,   353.47
  239.61,   339.78,   478.45
  240.29,   337.80,   603.43
  360.97,    90.34,   348.83
  361.65,    88.36,   473.81
  362.33,    86.39,   598.80
  362.45,   215.32,   350.80
  363.13,   213.34,   475.78
  363.80,   211.36,   600.76
  363.93,   340.29,   352.77
  364.60,   338.31,   477.75
  365.28,   336.34,   602.73
  485.96,    88.88,   348.13
  486.64,    86.90,   473.11
  487.32,    84.92,   598.09
  487.44,   213.85,   350.10
  488.12,   211.87,   475.08
  488.79,   209.90,   600.06
  488.91,   338.83,   352.07
  489.59,   336.85,   477.05
  490.27,   334.87,   602.03
  221.17,    99.99,   474.81
  222.38,   100.69,   599.81
  223.59,   101.39,   724.80
  218.50,   224.96,   474.14
  219.72,   225.66,   599.13
  220.93,   226.36,   724.12
  215.84,   349.93,   473.46
  217.05,   350.63,   598.46
  218.26,   351.33,   723.45
  346.13,   102.65,   473.59
  347.35,   103.35,   598.58
  348.56,   104.05,   723.57
  343.47,   227.62,   472.91
  344.68,   228.32,   597.90
  345.89,   229.02,   722.90
  340.80,   352.59,   472.24
  342.02,   353.29,   597.23
  343.23,   353.99,   722.22
  471.10,   105.31,   472.36
  472.31,   106.01,   597.35
  473.52,   106.71,   722.34
  468.43,   230.28,   471.68
  469.65,   230.98,   596.68
  470.86,   231.68,   721.67
  465.77,   355.25,   471.01
  466.98,   355.95,   596.00
  468.19,   356.65,   720.99
  223.43,   101.82,   600.01
  226.19,    99.79,   724.96
  228.94,    97.76,   849.92
  223.11,   226.81,   602.05
  225.86,   224.77,   727.01
  228.61,   222.74,   851.96
  222.78,   351.79,   604.09
  225.53,   349.76,   729.05
  228.29,   347.72,   854.00
  348.40,   102.20,   597.26
  351.16,   100.16,   722.22
  353.91,    98.13,   847.17
  348.08,   227.18,   599.30
  350.83,   225.14,   724.26
  353.58,   223.11,   849.21
  347.75,   352.16,   601.35
  350.50,   350.13,   726.30
  353.26,   348.09,   851.25
  473.37,   102.57,   594.52
  476.13,   100.53,   719.47
  478.88,    98.50,   844.42
  473.05,   227.55,   596.56
  475.80,   225.52,   721.51
  478.55,   223.48,   846.46
  472.72,   352.53,   598.60
  475.47,   350.50,   723.55
  478.23,   348.46,   848.51
  234.12,   231.00,   103.62
  233.13,   228.83,   228.60
  232.13,   226.65,   353.58
  231.50,   355.95,   105.77
  230.50,   353.78,   230.75
  229.51,   351.61,   355.73
  228.88,   480.91,   107.93
  227.88,   478.73,   232.90
  226.89,   476.56,   357.88
  359.09,   233.60,   104.66
  358.10,   231.43,   229.64
  357.10,   229.26,   354.62
  356.47,   358.56,   106.81
  355.47,   356.38,   231.79
  354.48,   354.21,   356.77
  353.85,   483.51,   108.97
  352.85,   481.34,   233.94
  351.86,   479.17,   358.92
  484.06,   236.21,   105.70
  483.06,   234.04,   230.68
  482.07,   231.86,   355.66
  481.44,   361.16,   107.85
  480.44,   358.99,   232.83
  479.45,   356.82,   357.81
  478.81,   486.12,   110.00
  477.82,   483.94,   234.98
  476.83,   481.77,   359.96
  217.90,   226.17,   224.62
  219.90,   222.93,   349.56
  221.90,   219.69,   474.50
  220.87,   351.09,   227.81
  222.87,   347.85,   352.75
  224.87,   344.61,   477.70
  223.85,   476.02,   231.01
  225.85,   472.77,   355.95
  227.85,   469.53,   480.89
  342.85,   223.25,   222.54
  344.85,   220.01,   347.49
  346.85,   216.76,   472.43
  345.82,   348.17,   225.74
  347.82,   344.93,   350.68
  349.82,   341.69,   475.62
  348.80,   473.10,   228.93
  350.80,   469.85,   353.87
  352.79,   466.61,   478.81
  467.80,   220.33,   220.47
  469.80,   217.09,   345.41
  471.80,   213.84,   470.35
  470.77,   345.25,   223.66
  472.77,   342.01,   348.60
  474.77,   338.77,   473.55
  473.75,   470.17,   226.86
  475.74,   466.93,   351.80
  477.74,   463.69,   476.74
  220.08,   234.47,   349.97
  223.56,   232.14,   474.90
  227.05,   229.80,   599.83
  219.93,   359.45,   352.32
  223.41,   357.11,   477.25
  226.90,   354.77,   602.17
  219.78,   484.43,   354.66
  223.26,   482.09,   479.59
  226.75,   479.75,   604.52
  345.03,   234.69,   346.49
  348.52,   232.35,   471.42
  352.00,   230.01,   596.35
  344.88,   359.67,   348.84
  348.37,   357.33,   473.77
  351.85,   354.99,   598.70
  344.73,   484.64,   351.18
  348.22,   482.31,   476.11
  351.70,   479.97,   601.04
  469.98,   234.90,   343.01
  473.47,   232.56,   467.94
  476.95,   230.23,   592.87
  469.83,   359.88,   345.36
  473.32,   357.54,   470.29
  476.80,   355.20,   595.22
  469.68,   484.86,   347.70
  473.17,   482.52,   472.63
  476.65,   480.18,   597.56
  221.71,   231.54,   474.01
  221.66,   229.72,   599.00
  221.61,   227.90,   723.98
  222.89,   356.52,   475.83
  222.84,   354.70,   600.82
  222.79,   352.88,   725.81
  224.07,   481.50,   477.65
  224.02,   479.68,   602.64
  223.97,   477.86,   727.63
  346.70,   230.36,   474.04
  346.66,   228.54,   599.03
  346.61,   226.72,   724.01
  347.88,   355.34,   475.86
  347.84,   353.52,   600.85
  347.79,   351.70,   725.84
  349.06,   480.32,   477.68
  349.02,   478.50,   602.67
  348.97,   476.68,   727.66
  471.70,   229.18,   474.07
  471.65,   227.36,   599.06
  471.60,   225.54,   724.04
  472.88,   354.16,   475.89
  472.83,   352.34,   600.88
  472.78,   350.52,   725.86
  474.06,   479.14,   477.71
  474.01,   477.32,   602.70
  473.96,   475.50,   727.69
  216.17,   221.87,   599.14
  219.73,   222.92,   724.09
  223.29,   223.97,   849.03
  215.28,   346.86,   598.12
  218.84,   347.91,   723.06
  222.40,   348.97,   848.00
  214.39,   471.85,   597.09
  217.95,   472.91,   722.03
  221.51,   473.96,   846.98
  341.11,   222.73,   595.58
  344.67,   223.78,   720.52
  348.23,   224.83,   845.47
  340.23,   347.72,   594.55
  343.78,   348.77,   719.49
  347.34,   349.83,   844.44
  339.34,   472.71,   593.52
  342.90,   473.77,   718.47
  346.45,   474.82,   843.41
  466.06,   223.59,   592.01
  469.62,   224.64,   716.96
  473.18,   225.69,   841.90
  465.17,   348.58,   590.98
  468.73,   349.63,   715.93
  472.29,   350.69,   840.87
  464.28,   473.57,   589.95
  467.84,   474.63,   714.90
  471.40,   475.68,   839.84
  227.07,   358.31,   103.55
  224.03,   360.12,   228.50
  220.98,   361.93,   353.45
  225.68,   483.29,   101.70
  222.63,   485.10,   226.65
  219.59,   486.91,   351.60
  224.29,   608.27,    99.86
  221.24,   610.08,   224.81
  218.19,   611.89,   349.76
  352.03,   359.75,   106.57
  348.98,   361.56,   231.52
  345.94,   363.37,   356.47
  350.63,   484.73,   104.73
  347.59,   486.54,   229.68
  344.54,   488.35,   354.63
  349.24,   609.71,   102.89
  346.19,   611.52,   227.84
  343.15,   613.33,   352.79
  476.98,   361.19,   109.60
  473.94,   363.00,   234.55
  470.89,   364.81,   359.50
  475.59,   486.17,   107.76
  472.54,   487.98,   232.70
  469.50,   489.79,   357.65
  474.20,   611.15,   105.91
  471.15,   612.96,   230.86
  468.10,   614.76,   355.81
  213.33,   357.42,   223.00
  217.04,   358.22,   347.94
  220.74,   359.01,   472.89
  211.52,   482.41,   222.26
  215.22,   483.20,   347.21
  218.93,   483.99,   472.15
  209.70,   607.39,   221.52
  213.40,   608.18,   346.47
  217.11,   608.98,   471.41
  338.26,   359.22,   219.29
  341.97,   360.01,   344.23
  345.67,   360.80,   469.17
  336.45,   484.20,   218.55
  340.15,   484.99,   343.49
  343.86,   485.79,   468.43
  334.63,   609.19,   217.81
  338.34,   609.98,   342.75
  342.04,   610.77,   467.69
  463.20,   361.01,   215.57
  466.90,   361.80,   340.51
  470.61,   362.59,   465.46
  461.38,   485.99,   214.83
  465.08,   486.79,   339.77
  468.79,   487.58,   464.72
  459.56,   610.98,   214.09
  463.27,   611.77,   339.04
  466.97,   612.56,   463.98
  223.94,   350.69,   351.66
  225.37,   354.49,   476.60
  226.80,   358.30,   601.53
  219.84,   475.56,   347.91
  221.27,   479.37,   472.84
  222.70,   483.17,   597.77
  215.74,   600.44,   344.15
  217.17,   604.24,   469.08
  218.60,   608.05,   594.02
  348.86,   354.74,   350.11
  350.29,   358.54,   475.04
  351.72,   362.35,   599.98
  344.76,   479.61,   346.35
  346.19,   483.42,   471.29
  347.62,   487.22,   596.22
  340.67,   604.49,   342.60
  342.10,   608.30,   467.53
  343.53,   612.10,   592.47
  473.79,   358.79,   348.56
  475.22,   362.60,   473.49
  476.64,   366.40,   598.43
  469.69,   483.67,   344.80
  471.12,   487.47,   469.74
  472.55,   491.28,   594.67
  465.59,   608.54,   341.05
  467.02,   612.35,   465.98
  468.45,   616.15,   590.91
  229.61,   352.51,   477.83
  231.66,   351.06,   602.80
  233.71,   349.62,   727.78
  227.68,   477.49,   479.31
  229.73,   476.04,   604.28
  231.78,   474.59,   729.26
  225.74,   602.46,   480.79
  227.79,   601.02,   605.76
  229.84,   599.57,   730.73
  354.58,   354.47,   475.80
  356.63,   353.02,   600.77
  358.68,   351.58,   725.75
  352.64,   479.45,   477.28
  354.70,   478.00,   602.25
  356.75,   476.55,   727.23
  350.71,   604.42,   478.76
  352.76,   602.98,   603.73
  354.81,   601.53,   728.71
  479.55,   356.43,   473.77
  481.60,   354.98,   598.74
  483.65,   353.53,   723.72
  477.61,   481.41,   475.25
  479.66,   479.96,   600.22
  481.72,   478.51,   725.20
  475.68,   606.38,   476.73
  477.73,   604.93,   601.70
  479.78,   603.49,   726.68
  226.92,   345.73,   597.22
  228.73,   344.73,   722.20
  230.53,   343.74,   847.18
  229.77,   470.70,   598.17
  231.58,   469.70,   723.16
  233.38,   468.70,   848.14
  232.62,   595.66,   599.13
  234.43,   594.66,   724.11
  236.23,   593.66,   849.10
  351.88,   342.90,   595.39
  353.68,   341.90,   720.37
  355.49,   340.90,   845.35
  354.73,   467.86,   596.34
  356.53,   466.86,   721.33
  358.34,   465.86,   846.31
  357.58,   592.82,   597.30
  359.38,   591.83,   722.28
  361.19,   590.83,   847.27
  476.83,   340.06,   593.56
  478.64,   339.06,   718.54
  480.44,   338.06,   843.53
  479.68,   465.03,   594.52
  481.49,   464.03,   719.50
  483.29,   463.03,   844.48
  482.53,   589.99,   595.47
  484.34,   588.99,   720.46
  486.14,   587.99,   845.44
  235.35,   486.18,   105.54
  231.88,   484.55,   230.48
  228.41,   482.92,   355.42
  235.47,   611.17,   107.18
  232.00,   609.54,   232.12
  228.53,   607.90,   357.06
  235.59,   736.16,   108.81
  232.12,   734.53,   233.75
  228.65,   732.89,   358.70
  360.30,   486.01,   109.01
  356.83,   484.38,   233.95
  353.36,   482.75,   358.89
  360.42,   611.00,   110.65
  356.95,   609.37,   235.59
  353.48,   607.74,   360.53
  360.54,   735.99,   112.28
  357.07,   734.36,   237.22
  353.60,   732.73,   362.16
  485.25,   485.84,   112.48
  481.78,   484.21,   237.42
  478.31,   482.58,   362.36
  485.37,   610.83,   114.11
  481.90,   609.20,   239.05
  478.43,   607.57,   364.00
  485.49,   735.82,   115.75
  482.03,   734.19,   240.69
  478.56,   732.56,   365.63
  238.78,   476.86,   226.71
  235.12,   476.89,   351.66
  231.45,   476.93,   476.60
  238.32,   601.86,   226.66
  234.66,   601.89,   351.61
  230.99,   601.93,   476.55
  237.86,   726.85,   226.61
  234.20,   726.89,   351.56
  230.53,   726.93,   476.50
  363.73,   477.32,   230.38
  360.06,   477.36,   355.33
  356.40,   477.39,   480.27
  363.27,   602.32,   230.33
  359.60,   602.36,   355.27
  355.94,   602.39,   480.22
  362.81,   727.32,   230.28
  359.14,   727.35,   355.22
  355.47,   727.39,   480.17
  488.68,   477.78,   234.05
  485.01,   477.82,   358.99
  481.34,   477.86,   483.94
  488.22,   602.78,   233.99
  484.55,   602.82,   358.94
  480.88,   602.86,   483.89
  487.75,   727.78,   233.94
  484.09,   727.82,   358.89
  480.42,   727.85,   483.84
  237.77,   477.44,   355.18
  239.90,   475.57,   480.15
  242.04,   473.70,   605.12
  237.20,   602.42,   357.06
  239.33,   600.55,   482.03
  241.47,   598.68,   607.00
  236.63,   727.41,   358.94
  238.76,   725.54,   483.91
  240.90,   723.67,   608.88
  362.75,   478.04,   353.06
  364.88,   476.17,   478.02
  367.02,   474.30,   602.99
  362.18,   603.02,   354.94
  364.31,   601.15,   479.90
  366.45,   599.28,   604.87
  361.61,   728.01,   356.82
  363.74,   726.14,   481.78
  365.88,   724.27,   606.75
  487.73,   478.64,   350.93
  489.86,   476.77,   475.90
  492.00,   474.90,   600.86
  487.16,   603.63,   352.81
  489.29,   601.76,   477.78
  491.43,   599.89,   602.74
  486.59,   728.61,   354.69
  488.72,   726.74,   479.66
  490.86,   724.87,   604.62
  238.36,   471.23,   477.16
  235.31,   467.95,   602.08
  232.27,   464.68,   727.00
  236.28,   596.17,   480.39
  233.23,   592.90,   605.31
  230.19,   589.62,   730.23
  234.20,   721.12,   483.62
  231.16,   717.84,   608.54
  228.11,   714.56,   733.46
  363.30,   473.23,   480.26
  360.26,   469.95,   605.18
  357.21,   466.67,   730.10
  361.22,   598.17,   483.49
  358.18,   594.89,   608.41
  355.14,   591.61,   733.33
  359.15,   723.11,   486.72
  356.10,   719.83,   611.64
  353.06,   716.56,   736.56
  488.25,   475.23,   483.36
  485.20,   471.95,   608.28
  482.16,   468.67,   733.20
  486.17,   600.17,   486.59
  483.13,   596.89,   611.51
  480.08,   593.61,   736.42
  484.09,   725.11,   489.81
  481.05,   721.83,   614.73
  478.00,   718.55,   739.65
  231.42,   473.71,   601.76
  232.07,   476.41,   726.73
  232.71,   479.10,   851.70
  229.37,   598.66,   599.07
  230.02,   601.36,   724.04
  230.66,   604.06,   849.01
  227.32,   723.62,   596.39
  227.97,   726.31,   721.36
  228.61,   729.01,   846.32
  356.41,   475.75,   601.07
  357.05,   478.44,   726.04
  357.70,   481.14,   851.01
  354.35,   600.70,   598.38
  355.00,   603.40,   723.35
  355.64,   606.10,   848.32
  352.30,   725.65,   595.70
  352.95,   728.35,   720.67
  353.59,   731.05,   845.64
  481.39,   477.78,   600.38
  482.03,   480.48,   725.35
  482.68,   483.18,   850.32
  479.34,   602.74,   597.70
  479.98,   605.43,   722.67
  480.63,   608.13,   847.63
  477.28,   727.69,   595.01
  477.93,   730.39,   719.98
  478.57,   733.09,   844.95
  233.20,   585.40,    96.29
  235.12,   590.14,   221.19
  237.03,   594.88,   346.08
  234.90,   710.30,    91.53
  236.81,   715.04,   216.42
  238.73,   719.77,   341.32
  236.59,   835.20,    86.77
  238.51,   839.93,   211.66
  240.42,   844.67,   336.56
  358.18,   583.64,    94.44
  360.09,   588.37,   219.34
  362.01,   593.11,   344.23
  359.87,   708.53,    89.68
  361.79,   713.27,   214.57
  363.70,   718.01,   339.47
  361.57,   833.43,    84.92
  363.48,   838.17,   209.81
  365.40,   842.91,   334.71
  483.15,   581.87,    92.59
  485.07,   586.61,   217.49
  486.98,   591.34,   342.38
  484.85,   706.77,    87.83
  486.76,   711.51,   212.72
  488.68,   716.24,   337.62
  486.54,   831.67,    83.07
  488.45,   836.40,   207.96
  490.37,   841.14,   332.86
  225.21,   607.64,   228.89
  224.10,   604.49,   353.85
  222.99,   601.34,   478.80
  226.61,   732.59,   232.06
  225.50,   729.44,   357.01
  224.39,   726.29,   481.97
  228.01,   857.54,   235.22
  226.90,   854.39,   360.17
  225.79,   851.24,   485.13
  350.20,   606.21,   229.97
  349.09,   603.06,   354.92
  347.98,   599.91,   479.88
  351.60,   731.16,   233.13
  350.49,   728.01,   358.09
  349.38,   724.86,   483.04
  353.00,   856.12,   236.29
  351.89,   852.97,   361.25
  350.77,   849.82,   486.20
  475.19,   604.78,   231.04
  474.07,   601.63,   356.00
  472.96,   598.48,   480.95
  476.58,   729.74,   234.21
  475.47,   726.59,   359.16
  474.36,   723.44,   484.12
  477.98,   854.69,   237.37
  476.87,   851.54,   362.32
  475.76,   848.39,   487.28
  226.05,   606.77,   354.77
  226.30,   609.20,   479.75
  226.55,   611.63,   604.72
  224.67,   731.74,   352.35
  224.92,   734.17,   477.32
  225.18,   736.60,   602.30
  223.29,   856.71,   349.92
  223.55,   859.14,   474.90
  223.80,   861.57,   599.87
  351.04,   608.14,   354.49
  351.29,   610.57,   479.47
  351.54,   613.00,   604.44
  349.66,   733.11,   352.07
  349.91,   735.54,   477.04
  350.17,   737.97,   602.02
  348.29,   858.08,   349.64
  348.54,   860.51,   474.62
  348.79,   862.94,   599.59
  476.03,   609.51,   354.21
  476.28,   611.94,   479.19
  476.54,   614.37,   604.16
  474.65,   734.48,   351.78
  474.91,   736.91,   476.76
  475.16,   739.34,   601.74
  473.28,   859.45,   349.36
  473.53,   861.88,   474.34
  473.78,   864.31,   599.31
  226.42,   603.77,   475.85
  230.26,   605.04,   600.79
  234.09,   606.31,   725.72
  226.46,   728.76,   474.58
  230.29,   730.03,   599.52
  234.13,   731.30,   724.45
  226.49,   853.76,   473.31
  230.33,   855.03,   598.24
  234.16,   856.30,   723.18
  351.36,   603.70,   472.02
  355.20,   604.97,   596.95
  359.03,   606.23,   721.89
  351.40,   728.69,   470.75
  355.23,   729.96,   595.68
  359.07,   731.23,   720.62
  351.43,   853.68,   469.48
  355.27,   854.95,   594.41
  359.10,   856.22,   719.34
  476.30,   603.62,   468.18
  480.14,   604.89,   593.12
  483.98,   606.16,   718.05
  476.34,   728.62,   466.91
  480.18,   729.88,   591.85
  484.01,   731.15,   716.78
  476.38,   853.61,   465.64
  480.21,   854.88,   590.58
  484.05,   856.15,   715.51
  231.92,   600.31,   602.07
  231.77,   599.42,   727.06
  231.62,   598.53,   852.06
  235.68,   725.25,   602.96
  235.53,   724.36,   727.96
  235.38,   723.47,   852.95
  239.45,   850.19,   603.85
  239.30,   849.30,   728.85
  239.15,   848.41,   853.85
  356.87,   596.54,   602.19
  356.72,   595.65,   727.19
  356.57,   594.77,   852.19
  360.63,   721.48,   603.09
  360.48,   720.59,   728.08
  360.33,   719.71,   853.08
  364.39,   846.42,   603.98
  364.24,   845.53,   728.98
  364.09,   844.65,   853.97
  481.81,   592.78,   602.32
  481.66,   591.89,   727.31
  481.51,   591.00,   852.31
  485.57,   717.72,   603.21
  485.42,   716.83,   728.21
  485.27,   715.94,   853.20
  489.33,   842.66,   604.10
  489.18,   841.77,   729.10
  489.03,   840.88,   854.10
  338.53,   108.79,    95.99
  340.70,   104.77,   220.91
  342.86,   100.76,   345.82
  341.25,   233.69,    99.96
  343.42,   229.68,   224.87
  345.58,   225.67,   349.79
  343.97,   358.60,   103.92
  346.14,   354.59,   228.84
  348.31,   350.57,   353.76
  463.48,   106.14,    93.74
  465.65,   102.12,   218.65
  467.81,    98.11,   343.57
  466.20,   231.04,    97.70
  468.37,   227.03,   222.62
  470.53,   223.02,   347.54
  468.92,   355.95,   101.67
  471.09,   351.94,   226.59
  473.26,   347.92,   351.50
  588.43,   103.48,    91.49
  590.60,    99.47,   216.40
  592.76,    95.46,   341.32
  591.15,   228.39,    95.45
  593.32,   224.38,   220.37
  595.49,   220.36,   345.29
  593.88,   353.30,    99.42
  596.04,   349.29,   224.33
  598.21,   345.27,   349.25
  347.15,   108.47,   226.47
  346.13,   106.01,   351.44
  345.10,   103.55,   476.42
  347.81,   233.44,   228.94
  346.79,   230.98,   353.91
  345.77,   228.52,   478.88
  348.47,   358.42,   231.40
  347.45,   355.96,   356.38
  346.43,   353.50,   481.35
  472.14,   107.79,   227.48
  471.12,   105.33,   352.45
  470.10,   102.87,   477.42
  472.80,   232.76,   229.95
  471.78,   230.30,   354.92
  470.76,   227.84,   479.89
  473.46,   357.74,   232.41
  472.44,   355.28,   357.38
  471.42,   352.82,   482.36
  597.14,   107.11,   228.49
  596.11,   104.65,   353.46
  595.09,   102.19,   478.43
  597.80,   232.08,   230.96
  596.78,   229.62,   355.93
  595.75,   227.16,   480.90
  598.46,   357.05,   233.42
  597.44,   354.59,   358.39
  596.41,   352.13,   483.36
  344.26,    91.75,   349.84
  342.44,    95.90,   474.76
  340.62,   100.05,   599.68
  344.37,   216.68,   345.69
  342.55,   220.83,   470.61
  340.72,   224.98,   595.53
  344.47,   341.61,   341.55
  342.65,   345.76,   466.46
  340.83,   349.91,   591.38
  469.25,    91.71,   351.67
  467.43,    95.85,   476.59
  465.60,   100.00,   601.50
  469.36,   216.64,   347.52
  467.53,   220.79,   472.44
  465.71,   224.93,   597.36
  469.46,   341.57,   343.37
  467.64,   345.72,   468.29
  465.81,   349.86,   593.21
  594.24,    91.66,   353.49
  592.41,    95.81,   478.41
  590.59,    99.96,   603.33
  594.34,   216.59,   349.35
  592.52,   220.74,   474.26
  590.70,   224.89,   599.18
  594.45,   341.52,   345.20
  592.62,   345.67,   470.12
  590.80,   349.82,   595.03
  354.89,    98.02,   474.99
  356.90,    95.47,   599.95
  358.91,    92.91,   724.90
  351.98,   222.96,   477.59
  353.99,   220.41,   602.55
  356.01,   217.85,   727.51
  349.08,   347.90,   480.20
  351.09,   345.35,   605.15
  353.10,   342.79,   730.11
  479.84,   100.97,   473.04
  481.85,    98.41,   598.00
  483.86,    95.85,   722.95
  476.93,   225.91,   475.64
  478.94,   223.35,   600.60
  480.96,   220.79,   725.56
  474.03,   350.85,   478.24
  476.04,   348.29,   603.20
  478.05,   345.73,   728.16
  604.79,   103.91,   471.09
  606.80,   101.36,   596.05
  608.81,    98.80,   721.00
  601.88,   228.85,   473.69
  603.90,   226.30,   598.65
  605.91,   223.74,   723.61
  598.98,   353.79,   476.29
  600.99,   351.24,   601.25
  603.00,   348.68,   726.21
  357.88,    91.36,   602.42
  355.76,    92.79,   727.39
  353.63,    94.23,   852.37
  361.68,   216.30,   601.05
  359.56,   217.73,   726.02
  357.43,   219.16,   851.00
  365.48,   341.23,   599.68
  363.36,   342.66,   724.65
  361.23,   344.10,   849.63
  482.81,    87.59,   604.59
  480.68,    89.02,   729.56
  478.56,    90.45,   854.53
  486.61,   212.52,   603.22
  484.48,   213.95,   728.19
  482.36,   215.39,   853.16
  490.41,   337.45,   601.85
  488.28,   338.89,   726.82
  486.16,   340.32,   851.79
  607.73,    83.81,   606.75
  605.61,    85.24,   731.73
  603.48,    86.68,   856.70
  611.53,   208.74,   605.38
  609.41,   210.18,   730.36
  607.28,   211.61,   855.33
  615.33,   333.68,   604.01
  613.20,   335.11,   728.99
  611.08,   336.55,   853.96
  333.93,   216.98,    95.73
  338.99,   216.63,   220.63
  344.05,   216.29,   345.52
  330.64,   341.94,    96.21
  335.70,   341.59,   221.11
  340.76,   341.24,   346.00
  327.35,   466.89,    96.69
  332.41,   466.55,   221.59
  337.47,   466.20,   346.48
  458.79,   220.29,    90.68
  463.85,   219.94,   215.58
  468.90,   219.60,   340.48
  455.49,   345.25,    91.16
  460.55,   344.90,   216.06
  465.61,   344.55,   340.96
  452.20,   470.20,    91.64
  457.26,   469.85,   216.54
  462.32,   469.51,   341.44
  583.64,   223.60,    85.63
  588.70,   223.25,   210.53
  593.76,   222.91,   335.43
  580.35,   348.55,    86.11
  585.41,   348.21,   211.01
  590.47,   347.86,   335.91
  577.06,   473.51,    86.59
  582.12,   473.16,   211.49
  587.17,   472.82,   336.39
  361.75,   224.07,   229.75
  360.26,   222.97,   354.74
  358.76,   221.88,   479.72
  361.87,   349.06,   230.84
  360.38,   347.97,   355.83
  358.88,   346.88,   480.82
  361.99,   474.06,   231.94
  360.50,   472.97,   356.92
  359.00,   471.87,   481.91
  486.74,   223.93,   231.24
  485.25,   222.84,   356.23
  483.75,   221.75,   481.22
  486.86,   348.93,   232.34
  485.37,   347.84,   357.32
  483.87,   346.75,   482.31
  486.98,   473.92,   233.43
  485.49,   472.83,   358.42
  483.99,   471.74,   483.40
  611.73,   223.80,   232.74
  610.24,   222.71,   357.72
  608.75,   221.62,   482.71
  611.85,   348.80,   233.83
  610.36,   347.70,   358.82
  608.86,   346.61,   483.80
  611.97,   473.79,   234.92
  610.48,   472.70,   359.91
  608.98,   471.61,   484.90
  352.98,   220.00,   349.15
  355.13,   222.53,   474.11
  357.29,   225.07,   599.06
  352.31,   344.97,   346.63
  354.47,   347.51,   471.58
  356.63,   350.04,   596.54
  351.64,   469.94,   344.10
  353.80,   472.48,   469.05
  355.96,   475.02,   594.01
  477.96,   220.62,   346.98
  480.11,   223.16,   471.94
  482.27,   225.69,   596.89
  477.29,   345.59,   344.45
  479.45,   348.13,   469.41
  481.61,   350.67,   594.36
  476.62,   470.56,   341.93
  478.78,   473.10,   466.88
  480.94,   475.64,   591.84
  602.93,   221.24,   344.81
  605.09,   223.78,   469.76
  607.25,   226.32,   594.72
  602.27,   346.21,   342.28
  604.43,   348.75,   467.24
  606.59,   351.29,   592.19
  601.60,   471.19,   339.75
  603.76,   473.72,   464.71
  605.92,   476.26,   589.67
  339.32,   223.45,   473.31
  342.29,   220.84,   598.25
  345.27,   218.23,   723.19
  339.83,   348.42,   475.91
  342.81,   345.81,   600.85
  345.78,   343.20,   725.79
  340.34,   473.39,   478.51
  343.32,   470.78,   603.45
  346.29,   468.17,   728.39
  464.28,   223.00,   470.33
  467.26,   220.39,   595.26
  470.23,   217.78,   720.20
  464.79,   347.97,   472.93
  467.77,   345.36,   597.86
  470.74,   342.75,   722.80
  465.31,   472.94,   475.53
  468.28,   470.33,   600.46
  471.26,   467.72,   725.40
  589.24,   222.55,   467.34
  592.22,   219.94,   592.28
  595.19,   217.33,   717.22
  589.76,   347.52,   469.94
  592.73,   344.91,   594.88
  595.71,   342.30,   719.82
  590.27,   472.49,   472.54
  593.25,   469.88,   597.48
  596.22,   467.27,   722.42
  344.46,   234.82,   601.67
  348.57,   234.36,   726.60
  352.69,   233.89,   851.53
  342.22,   359.80,   602.21
  346.33,   359.34,   727.14
  350.45,   358.87,   852.07
  339.98,   484.78,   602.75
  344.09,   484.32,   727.68
  348.20,   483.85,   852.61
  469.37,   237.08,   597.56
  473.49,   236.62,   722.50
  477.60,   236.15,   847.43
  467.13,   362.06,   598.10
  471.24,   361.59,   723.03
  475.36,   361.13,   847.97
  464.89,   487.04,   598.64
  469.00,   486.57,   723.57
  473.12,   486.11,   848.51
  594.28,   239.34,   593.46
  598.40,   238.87,   718.39
  602.51,   238.41,   843.32
  592.04,   364.32,   594.00
  596.16,   363.85,   718.93
  600.27,   363.39,   843.86
  589.80,   489.30,   594.54
  593.92,   488.83,   719.47
  598.03,   488.36,   844.40
  358.06,   352.44,   101.26
  358.74,   355.28,   226.23
  359.41,   358.13,   351.19
  361.93,   477.34,    98.39
  362.60,   480.19,   223.36
  363.27,   483.03,   348.33
  365.79,   602.25,    95.53
  366.46,   605.10,   220.50
  367.14,   607.94,   345.46
  483.00,   348.56,   100.68
  483.67,   351.40,   225.64
  484.35,   354.25,   350.61
  486.87,   473.46,    97.81
  487.54,   476.31,   222.78
  488.21,   479.16,   347.74
  490.73,   598.37,    94.95
  491.40,   601.22,   219.91
  492.07,   604.06,   344.88
  607.94,   344.68,   100.09
  608.61,   347.52,   225.06
  609.28,   350.37,   350.02
  611.80,   469.59,    97.23
  612.48,   472.43,   222.19
  613.15,   475.28,   347.16
  615.67,   594.49,    94.36
  616.34,   597.34,   219.33
  617.01,   600.18,   344.29
  348.99,   344.42,   224.06
  349.70,   341.78,   349.03
  350.41,   339.14,   474.00
  344.79,   469.32,   226.72
  345.50,   466.68,   351.69
  346.21,   464.04,   476.66
  340.60,   594.22,   229.38
  341.31,   591.58,   354.35
  342.02,   588.94,   479.32
  473.92,   348.63,   223.43
  474.63,   345.99,   348.40
  475.34,   343.35,   473.37
  469.72,   473.53,   226.10
  470.43,   470.89,   351.07
  471.14,   468.25,   476.04
  465.52,   598.43,   228.76
  466.23,   595.79,   353.73
  466.94,   593.16,   478.70
  598.85,   352.84,   222.81
  599.56,   350.21,   347.78
  600.27,   347.57,   472.75
  594.65,   477.75,   225.48
  595.36,   475.11,   350.45
  596.07,   472.47,   475.42
  590.45,   602.65,   228.14
  591.16,   600.01,   353.11
  591.87,   597.37,   478.08
  342.48,   335.55,   345.12
  341.83,   336.16,   470.12
  341.19,   336.78,   595.12
  346.11,   460.49,   344.53
  345.46,   461.11,   469.52
  344.82,   461.73,   594.52
  349.74,   585.44,   343.93
  349.09,   586.05,   468.93
  348.45,   586.67,   593.92
  467.42,   331.92,   345.79
  466.78,   332.54,   470.78
  466.13,   333.15,   595.78
  471.05,   456.87,   345.19
  470.41,   457.48,   470.19
  469.76,   458.10,   595.18
  474.68,   581.81,   344.59
  474.04,   582.43,   469.59
  473.39,   583.05,   594.59
  592.37,   328.29,   346.45
  591.72,   328.91,   471.45
  591.08,   329.53,   596.44
  596.00,   453.24,   345.85
  595.35,   453.86,   470.85
  594.71,   454.47,   595.85
  599.63,   578.19,   345.26
  598.98,   578.80,   470.25
  598.34,   579.42,   595.25
  347.54,   346.49,   474.97
  347.03,   346.60,   599.96
  346.52,   346.71,   724.96
  343.37,   471.42,   474.84
  342.86,   471.53,   599.84
  342.36,   471.64,   724.84
  339.21,   596.35,   474.71
  338.70,   596.46,   599.71
  338.19,   596.57,   724.71
  472.47,   350.65,   475.47
  471.96,   350.76,   600.47
  471.45,   350.87,   725.47
  468.30,   475.59,   475.34
  467.79,   475.69,   600.34
  467.29,   475.80,   725.34
  464.14,   600.52,   475.22
  463.63,   600.62,   600.22
  463.12,   600.73,   725.22
  597.40,   354.82,   475.97
  596.89,   354.93,   600.97
  596.38,   355.04,   725.97
  593.23,   479.75,   475.85
  592.72,   479.86,   600.85
  592.22,   479.97,   725.85
  589.07,   604.68,   475.72
  588.56,   604.79,   600.72
  588.05,   604.90,   725.72
  359.99,   345.21,   601.44
  359.47,   346.43,   726.44
  358.95,   347.65,   851.43
  363.28,   470.16,   600.24
  362.76,   471.38,   725.23
  362.24,   472.60,   850.23
  366.57,   595.11,   599.04
  366.05,   596.33,   724.03
  365.54,   597.55,   849.02
  484.95,   341.93,   601.99
  484.43,   343.14,   726.99
  483.91,   344.36,   851.98
  488.24,   466.88,   600.79
  487.72,   468.10,   725.78
  487.20,   469.31,   850.78
  491.53,   591.83,   599.59
  491.01,   593.05,   724.58
  490.49,   594.27,   849.57
  609.90,   338.64,   602.54
  609.38,   339.86,   727.54
  608.87,   341.08,   852.53
  613.19,   463.59,   601.34
  612.67,   464.81,   726.33
  612.16,   466.03,   851.33
  616.48,   588.54,   600.14
  615.96,   589.76,   725.13
  615.45,   590.98,   850.12
  354.64,   482.61,   103.98
  354.91,   478.66,   228.92
  355.17,   474.72,   353.85
  357.73,   607.51,   107.91
  357.99,   603.56,   232.85
  358.26,   599.62,   357.79
  360.81,   732.41,   111.85
  361.07,   728.46,   236.79
  361.34,   724.52,   361.72
  479.61,   479.54,   103.62
  479.87,   475.59,   228.55
  480.14,   471.65,   353.49
  482.69,   604.44,   107.55
  482.95,   600.49,   232.49
  483.22,   596.55,   357.43
  485.77,   729.34,   111.49
  486.04,   725.39,   236.42
  486.30,   721.45,   361.36
  604.57,   476.46,   103.25
  604.83,   472.52,   228.19
  605.10,   468.58,   353.13
  607.65,   601.36,   107.19
  607.91,   597.42,   232.13
  608.18,   593.48,   357.06
  610.73,   726.26,   111.12
  611.00,   722.32,   236.06
  611.26,   718.38,   361.00
  344.84,   462.81,   217.66
  348.91,   463.34,   342.59
  352.97,   463.87,   467.52
  344.19,   587.81,   217.15
  348.26,   588.34,   342.08
  352.33,   588.87,   467.01
  343.55,   712.80,   216.64
  347.62,   713.34,   341.57
  351.69,   713.87,   466.50
  469.77,   463.43,   213.59
  473.84,   463.97,   338.52
  477.91,   464.50,   463.45
  469.13,   588.43,   213.08
  473.19,   588.96,   338.01
  477.26,   589.50,   462.94
  468.48,   713.43,   212.56
  472.55,   713.96,   337.50
  476.62,   714.49,   462.43
  594.70,   464.06,   209.52
  598.77,   464.59,   334.45
  602.84,   465.12,   459.38
  594.06,   589.06,   209.00
  598.13,   589.59,   333.94
  602.20,   590.12,   458.87
  593.42,   714.05,   208.49
  597.48,   714.59,   333.43
  601.55,   715.12,   458.36
  360.39,   477.48,   354.34
  360.16,   475.47,   479.33
  359.93,   473.46,   604.31
  360.20,   602.47,   356.35
  359.97,   600.45,   481.34
  359.74,   598.44,   606.32
  360.02,   727.45,   358.36
  359.79,   725.44,   483.35
  359.56,   723.43,   608.33
  485.39,   477.66,   354.57
  485.16,   475.65,   479.56
  484.93,   473.64,   604.54
  485.20,   602.65,   356.58
  484.97,   600.64,   481.57
  484.74,   598.62,   606.55
  485.01,   727.63,   358.60
  484.79,   725.62,   483.58
  484.56,   723.61,   608.56
  610.38,   477.84,   354.81
  610.16,   475.83,   479.79
  609.93,   473.82,   604.77
  610.20,   602.83,   356.82
  609.97,   600.82,   481.80
  609.74,   598.81,   606.78
  610.01,   727.81,   358.83
  609.79,   725.80,   483.81
  609.56,   723.79,   608.79
  344.34,   481.94,   476.10
  343.82,   483.61,   601.08
  343.29,   485.29,   726.07
  343.57,   606.93,   474.42
  343.04,   608.60,   599.41
  342.52,   610.27,   724.40
  342.80,   731.92,   472.75
  342.27,   733.59,   597.73
  341.74,   735.26,   722.72
  469.34,   482.72,   476.61
  468.81,   484.39,   601.60
  468.28,   486.07,   726.59
  468.57,   607.71,   474.94
  468.04,   609.38,   599.92
  467.51,   611.05,   724.91
  467.79,   732.69,   473.26
  467.27,   734.37,   598.25
  466.74,   736.04,   723.24
  594.34,   483.50,   477.13
  593.81,   485.17,   602.12
  593.28,   486.85,   727.10
  593.56,   608.49,   475.45
  593.04,   610.16,   600.44
  592.51,   611.83,   725.43
  592.79,   733.47,   473.78
  592.26,   735.15,   598.77
  591.74,   736.82,   723.75
  341.97,   471.19,   594.09
  343.30,   471.17,   719.08
  344.64,   471.15,   844.07
  338.56,   596.14,   594.14
  339.90,   596.12,   719.13
  341.23,   596.11,   844.12
  335.16,   721.09,   594.19
  336.49,   721.08,   719.18
  337.82,   721.06,   844.17
  466.92,   474.59,   592.75
  468.25,   474.58,   717.74
  469.59,   474.56,   842.74
  463.51,   599.55,   592.80
  464.84,   599.53,   717.80
  466.18,   599.52,   842.79
  460.10,   724.50,   592.86
  461.44,   724.48,   717.85
  462.77,   724.47,   842.84
  591.86,   478.00,   591.42
  593.20,   477.99,   716.41
  594.53,   477.97,   841.40
  588.46,   602.95,   591.47
  589.79,   602.94,   716.46
  591.12,   602.92,   841.46
  585.05,   727.91,   591.52
  586.38,   727.89,   716.51
  587.72,   727.88,   841.51
  359.04,   606.99,   106.84
  356.40,   603.98,   231.78
  353.76,   600.96,   356.72
  358.50,   731.95,   109.85
  355.86,   728.94,   234.78
  353.22,   725.93,   359.72
  357.96,   856.91,   112.85
  355.32,   853.90,   237.78
  352.68,   850.89,   362.72
  484.01,   607.47,   109.49
  481.37,   604.45,   234.43
  478.73,   601.44,   359.37
  483.47,   732.43,   112.50
  480.83,   729.41,   237.43
  478.19,   726.40,   362.37
  482.93,   857.39,   115.50
  480.29,   854.38,   240.44
  477.65,   851.36,   365.37
  608.98,   607.94,   112.15
  606.34,   604.93,   237.08
  603.70,   601.91,   362.02
  608.44,   732.90,   115.15
  605.80,   729.89,   240.08
  603.16,   726.88,   365.02
  607.90,   857.87,   118.15
  605.26,   854.85,   243.09
  602.62,   851.84,   368.02
  335.29,   591.12,   218.66
  334.73,   593.81,   343.63
  334.16,   596.49,   468.60
  335.73,   716.09,   215.97
  335.16,   718.78,   340.94
  334.59,   721.46,   465.91
  336.16,   841.06,   213.29
  335.60,   843.75,   338.26
  335.03,   846.43,   463.23
  460.29,   590.70,   219.23
  459.72,   593.39,   344.20
  459.16,   596.07,   469.17
  460.72,   715.67,   216.55
  460.16,   718.36,   341.52
  459.59,   721.04,   466.49
  461.16,   840.64,   213.86
  460.59,   843.33,   338.83
  460.03,   846.01,   463.80
  585.29,   590.28,   219.81
  584.72,   592.96,   344.78
  584.16,   595.65,   469.75
  585.72,   715.25,   217.12
  585.16,   717.93,   342.09
  584.59,   720.62,   467.06
  586.16,   840.22,   214.44
  585.59,   842.90,   339.41
  585.03,   845.59,   464.38
  347.42,   607.05,   351.80
  344.77,   608.14,   476.76
  342.11,   609.24,   601.73
  343.97,   731.99,   350.63
  341.32,   733.09,   475.60
  338.66,   734.18,   600.56
  340.52,   856.94,   349.46
  337.87,   858.03,   474.43
  335.21,   859.13,   599.39
  472.35,   610.52,   354.42
  469.69,   611.61,   479.39
  467.04,   612.71,   604.35
  468.90,   735.47,   353.25
  466.24,   736.56,   478.22
  463.59,   737.66,   603.19
  465.45,   860.41,   352.08
  462.79,   861.51,   477.05
  460.14,   862.60,   602.02
  597.27,   613.99,   357.04
  594.62,   615.09,   482.01
  591.96,   616.18,   606.98
  593.82,   738.94,   355.88
  591.17,   740.04,   480.84
  588.51,   741.13,   605.81
  590.37,   863.89,   354.71
  587.72,   864.98,   479.67
  585.06,   866.08,   604.64
  357.98,   604.40,   479.68
  355.05,   603.92,   604.65
  352.12,   603.43,   729.61
  361.43,   729.35,   480.25
  358.50,   728.87,   605.21
  355.57,   728.38,   730.18
  364.89,   854.30,   480.81
  361.96,   853.82,   605.78
  359.03,   853.34,   730.74
  482.90,   600.93,   482.60
  479.97,   600.45,   607.56
  477.04,   599.97,   732.53
  486.35,   725.89,   483.16
  483.42,   725.40,   608.13
  480.49,   724.92,   733.09
  489.80,   850.84,   483.73
  486.87,   850.35,   608.69
  483.94,   849.87,   733.66
  607.82,   597.47,   485.51
  604.89,   596.99,   610.48
  601.96,   596.50,   735.44
  611.27,   722.42,   486.08
  608.34,   721.94,   611.04
  605.41,   721.45,   736.01
  614.72,   847.37,   486.64
  611.79,   846.89,   611.61
  608.86,   846.41,   736.57
  341.22,   605.32,   602.10
  338.68,   606.53,   727.07
  336.14,   607.74,   852.04
  340.19,   730.31,   600.87
  337.65,   731.52,   725.84
  335.11,   732.73,   850.81
  339.16,   855.30,   599.63
  336.62,   856.51,   724.60
  334.08,   857.72,   849.57
  466.19,   606.37,   604.63
  463.65,   607.59,   729.60
  461.11,   608.80,   854.57
  465.16,   731.36,   603.40
  462.62,   732.58,   728.37
  460.08,   733.79,   853.34
  464.13,   856.35,   602.17
  461.59,   857.57,   727.13
  459.05,   858.78,   852.10
  591.16,   607.43,   607.16
  588.62,   608.64,   732.13
  586.08,   609.86,   857.10
  590.13,   732.42,   605.93
  587.59,   733.63,   730.90
  585.05,   734.85,   855.87
  589.10,   857.41,   604.70
  586.56,   858.62,   729.66
  584.02,   859.84,   854.63
  474.96,    85.62,   100.71
  473.22,    86.35,   225.69
  471.49,    87.08,   350.68
  477.57,   210.59,   100.01
  475.84,   211.32,   225.00
  474.10,   212.05,   349.98
  480.19,   335.56,    99.32
  478.45,   336.29,   224.30
  476.72,   337.02,   349.29
  599.92,    83.01,   102.46
  598.18,    83.74,   227.44
  596.45,    84.48,   352.43
  602.53,   207.98,   101.76
  600.80,   208.72,   226.75
  599.07,   209.45,   351.73
  605.15,   332.95,   101.07
  603.42,   333.69,   226.05
  601.68,   334.42,   351.04
  724.88,    80.41,   104.21
  723.14,    81.14,   229.19
  721.41,    81.87,   354.18
  727.49,   205.38,   103.51
  725.76,   206.11,   228.50
  724.03,   206.84,   353.48
  730.11,   330.35,   102.82
  728.38,   331.08,   227.80
  726.64,   331.81,   352.79
  483.97,   100.96,   229.93
  486.31,   101.24,   354.91
  488.65,   101.53,   479.89
  483.77,   225.96,   229.65
  486.11,   226.24,   354.63
  488.45,   226.53,   479.61
  483.57,   350.96,   229.37
  485.91,   351.24,   354.35
  488.25,   351.53,   479.33
  608.95,   101.15,   227.59
  611.29,   101.44,   352.57
  613.63,   101.72,   477.55
  608.75,   226.15,   227.31
  611.09,   226.44,   352.29
  613.43,   226.72,   477.27
  608.55,   351.15,   227.03
  610.89,   351.44,   352.01
  613.23,   351.72,   476.99
  733.92,   101.35,   225.25
  736.26,   101.63,   350.23
  738.60,   101.92,   475.21
  733.73,   226.35,   224.97
  736.06,   226.63,   349.95
  738.40,   226.91,   474.93
  733.53,   351.35,   224.69
  735.87,   351.63,   349.67
  738.20,   351.91,   474.65
  475.19,   105.18,   350.56
  474.22,   104.72,   475.55
  473.26,   104.25,   600.55
  474.24,   230.18,   351.02
  473.27,   229.71,   476.01
  472.30,   229.25,   601.01
  473.28,   355.17,   351.48
  472.31,   354.71,   476.47
  471.34,   354.24,   601.47
  600.18,   106.14,   351.53
  599.22,   105.67,   476.53
  598.25,   105.20,   601.52
  599.23,   231.13,   351.99
  598.26,   230.66,   476.99
  597.29,   230.20,   601.98
  598.27,   356.13,   352.45
  597.30,   355.66,   477.44
  596.34,   355.19,   602.44
  725.18,   107.09,   352.50
  724.21,   106.62,   477.50
  723.24,   106.15,   602.49
  724.22,   232.08,   352.96
  723.25,   231.62,   477.96
  722.29,   231.15,   602.95
  723.26,   357.08,   353.42
  722.30,   356.61,   478.42
  721.33,   356.15,   603.41
  482.15,    94.83,   475.11
  483.22,    92.67,   600.08
  484.29,    90.51,   725.06
  480.95,   219.81,   477.28
  482.02,   217.65,   602.25
  483.09,   215.49,   727.23
  479.75,   344.78,   479.45
  480.82,   342.62,   604.42
  481.89,   340.46,   729.40
  607.14,    96.05,   474.06
  608.21,    93.89,   599.04
  609.28,    91.73,   724.01
  605.94,   221.03,   476.23
  607.01,   218.87,   601.21
  608.08,   216.71,   726.18
  604.74,   346.00,   478.40
  605.81,   343.84,   603.38
  606.88,   341.68,   728.35
  732.13,    97.27,   473.01
  733.20,    95.11,   597.99
  734.27,    92.95,   722.97
  730.93,   222.24,   475.18
  732.00,   220.08,   600.16
  733.07,   217.92,   725.14
  729.73,   347.22,   477.35
  730.80,   345.06,   602.33
  731.87,   342.90,   727.31
  474.42,    96.74,   598.24
  473.82,    98.07,   723.24
  473.23,    99.40,   848.23
  475.67,   221.73,   596.92
  475.07,   223.06,   721.91
  474.48,   224.38,   846.90
  476.92,   346.71,   595.60
  476.32,   348.04,   720.59
  475.73,   349.37,   845.58
  599.41,    95.49,   598.85
  598.81,    96.82,   723.85
  598.22,    98.15,   848.84
  600.66,   220.48,   597.53
  600.06,   221.81,   722.52
  599.47,   223.14,   847.51
  601.91,   345.47,   596.21
  601.31,   346.80,   721.20
  600.72,   348.13,   846.19
  724.40,    94.25,   599.46
  723.81,    95.58,   724.45
  723.21,    96.91,   849.45
  725.65,   219.24,   598.14
  725.06,   220.57,   723.13
  724.46,   221.90,   848.12
  726.90,   344.22,   596.82
  726.31,   345.55,   721.81
  725.71,   346.88,   846.80
  488.10,   211.36,   100.12
  484.61,   213.98,   225.04
  481.12,   216.60,   349.96
  486.54,   336.32,    97.45
  483.05,   338.94,   222.37
  479.56,   341.56,   347.30
  484.98,   461.28,    94.78
  481.49,   463.90,   219.71
  478.00,   466.53,   344.63
  613.05,   212.99,   103.57
  609.56,   215.62,   228.50
  606.06,   218.24,   353.42
  611.48,   337.95,   100.91
  607.99,   340.58,   225.83
  604.50,   343.20,   350.75
  609.92,   462.92,    98.24
  606.43,   465.54,   223.16
  602.94,   468.16,   348.09
  737.99,   214.63,   107.03
  734.50,   217.25,   231.95
  731.01,   219.87,   356.88
  736.42,   339.59,   104.36
  732.93,   342.21,   229.29
  729.44,   344.84,   354.21
  734.86,   464.55,   101.70
  731.37,   467.18,   226.62
  727.88,   469.80,   351.54
  485.88,   234.53,   229.59
  485.68,   230.81,   354.54
  485.47,   227.10,   479.48
  483.62,   359.45,   233.30
  483.41,   355.74,   358.25
  483.21,   352.02,   483.19
  481.36,   484.38,   237.01
  481.15,   480.66,   361.96
  480.95,   476.95,   486.90
  610.86,   236.78,   229.86
  610.66,   233.07,   354.81
  610.45,   229.35,   479.75
  608.60,   361.71,   233.57
  608.39,   357.99,   358.52
  608.19,   354.28,   483.46
  606.33,   486.63,   237.28
  606.13,   482.92,   362.23
  605.93,   479.20,   487.17
  735.84,   239.04,   230.13
  735.63,   235.32,   355.07
  735.43,   231.61,   480.02
  733.58,   363.96,   233.84
  733.37,   360.25,   358.79
  733.17,   356.53,   483.73
  731.31,   488.89,   237.55
  731.11,   485.17,   362.50
  730.91,   481.45,   487.44
  464.38,   217.56,   344.86
  468.46,   216.16,   469.79
  472.54,   214.77,   594.71
  462.47,   342.53,   346.32
  466.55,   341.14,   471.24
  470.63,   339.74,   596.17
  460.56,   467.51,   347.78
  464.64,   466.11,   472.70
  468.72,   464.72,   597.63
  589.30,   219.51,   340.80
  593.38,   218.12,   465.73
  597.46,   216.72,   590.65
  587.39,   344.49,   342.26
  591.47,   343.09,   467.19
  595.55,   341.70,   592.11
  585.48,   469.46,   343.72
  589.56,   468.07,   468.64
  593.64,   466.67,   593.57
  714.22,   221.47,   336.75
  718.30,   220.07,   461.67
  722.38,   218.68,   586.60
  712.31,   346.44,   338.20
  716.39,   345.05,   463.13
  720.47,   343.65,   588.05
  710.40,   471.42,   339.66
  714.48,   470.02,   464.59
  718.56,   468.63,   589.51
  480.36,   225.32,   477.45
  480.57,   222.05,   602.41
  480.79,   218.79,   727.36
  479.54,   350.27,   480.71
  479.75,   347.01,   605.67
  479.96,   343.75,   730.63
  478.71,   475.22,   483.98
  478.93,   471.96,   608.93
  479.14,   468.70,   733.89
  605.36,   226.14,   477.26
  605.57,   222.88,   602.21
  605.78,   219.62,   727.17
  604.53,   351.10,   480.52
  604.75,   347.84,   605.48
  604.96,   344.57,   730.43
  603.71,   476.05,   483.78
  603.93,   472.79,   608.74
  604.14,   469.53,   733.70
  730.35,   226.97,   477.06
  730.57,   223.71,   602.02
  730.78,   220.45,   726.98
  729.53,   351.93,   480.33
  729.74,   348.66,   605.28
  729.96,   345.40,   730.24
  728.71,   476.88,   483.59
  728.92,   473.62,   608.55
  729.14,   470.36,   733.51
  476.13,   229.39,   600.04
  475.77,   230.64,   725.04
  475.41,   231.89,   850.03
  474.06,   354.36,   598.79
  473.70,   355.61,   723.78
  473.34,   356.87,   848.77
  471.99,   479.34,   597.53
  471.63,   480.59,   722.52
  471.27,   481.84,   847.52
  601.11,   231.46,   600.39
  600.75,   232.71,   725.38
  600.39,   233.96,   850.37
  599.04,   356.44,   599.13
  598.68,   357.69,   724.12
  598.32,   358.94,   849.12
  596.97,   481.41,   597.87
  596.61,   482.67,   722.87
  596.25,   483.92,   847.86
  726.10,   233.54,   600.73
  725.73,   234.79,   725.72
  725.37,   236.04,   850.71
  724.03,   358.51,   599.47
  723.66,   359.76,   724.46
  723.30,   361.01,   849.46
  721.96,   483.49,   598.21
  721.59,   484.74,   723.21
  721.23,   485.99,   848.20
  468.30,   347.68,    97.27
  469.63,   347.82,   222.26
  470.96,   347.96,   347.26
  465.38,   472.65,    97.16
  466.71,   472.79,   222.15
  468.04,   472.93,   347.15
  462.46,   597.61,    97.05
  463.79,   597.75,   222.04
  465.12,   597.89,   347.04
  593.25,   350.60,    95.93
  594.59,   350.74,   220.93
  595.92,   350.88,   345.92
  590.34,   475.56,    95.82
  591.67,   475.70,   220.82
  593.00,   475.85,   345.81
  587.42,   600.53,    95.72
  588.75,   600.67,   220.71
  590.08,   600.81,   345.70
  718.21,   353.52,    94.60
  719.55,   353.66,   219.59
  720.88,   353.80,   344.58
  715.29,   478.48,    94.49
  716.63,   478.62,   219.48
  717.96,   478.76,   344.47
  712.38,   603.45,    94.38
  713.71,   603.59,   219.37
  715.04,   603.73,   344.37
  475.63,   354.53,   226.37
  473.16,   353.42,   351.34
  470.70,   352.31,   476.31
  474.03,   479.52,   227.45
  471.56,   478.41,   352.42
  469.09,   477.30,   477.39
  472.42,   604.50,   228.53
  469.96,   603.39,   353.50
  467.49,   602.28,   478.47
  600.60,   356.12,   228.85
  598.13,   355.01,   353.82
  595.66,   353.89,   478.79
  598.99,   481.10,   229.93
  596.53,   479.99,   354.90
  594.06,   478.88,   479.87
  597.39,   606.09,   231.01
  594.92,   604.98,   355.98
  592.45,   603.86,   480.95
  725.56,   357.70,   231.33
  723.10,   356.59,   356.30
  720.63,   355.48,   481.27
  723.96,   482.69,   232.41
  721.49,   481.57,   357.38
  719.02,   480.46,   482.35
  722.35,   607.67,   233.49
  719.89,   606.56,   358.46
  717.42,   605.45,   483.43
  464.15,   359.59,   349.76
  465.09,   358.92,   474.76
  466.02,   358.24,   599.75
  464.08,   484.59,   350.44
  465.02,   483.92,   475.43
  465.95,   483.24,   600.43
  464.01,   609.59,   351.11
  464.95,   608.92,   476.11
  465.88,   608.24,   601.10
  589.15,   359.67,   348.83
  590.08,   358.99,   473.82
  591.02,   358.32,   598.82
  589.08,   484.67,   349.50
  590.01,   483.99,   474.50
  590.95,   483.32,   599.49
  589.01,   609.66,   350.18
  589.95,   608.99,   475.17
  590.88,   608.31,   600.17
  714.15,   359.74,   347.89
  715.08,   359.07,   472.89
  716.01,   358.39,   597.88
  714.08,   484.74,   348.57
  715.01,   484.07,   473.56
  715.94,   483.39,   598.56
  714.01,   609.74,   349.24
  714.94,   609.06,   474.24
  715.88,   608.39,   599.23
  477.76,   344.39,   473.33
  479.60,   347.25,   598.28
  481.45,   350.12,   723.23
  478.98,   469.35,   470.45
  480.83,   472.21,   595.40
  482.67,   475.08,   720.35
  480.20,   594.31,   467.57
  482.05,   597.18,   592.52
  483.89,   600.04,   717.47
  602.74,   343.13,   471.51
  604.58,   345.99,   596.47
  606.43,   348.85,   721.42
  603.96,   468.09,   468.63
  605.81,   470.95,   593.58
  607.65,   473.81,   718.54
  605.18,   593.05,   465.75
  607.03,   595.91,   590.70
  608.87,   598.77,   715.66
  727.72,   341.86,   469.70
  729.56,   344.73,   594.65
  731.41,   347.59,   719.60
  728.94,   466.82,   466.82
  730.79,   469.69,   591.77
  732.63,   472.55,   716.72
  730.16,   591.79,   463.93
  732.01,   594.65,   588.89
  733.85,   597.51,   713.84
  467.06,   362.13,   600.86
  468.47,   362.02,   725.85
  469.88,   361.91,   850.84
  462.64,   487.05,   601.02
  464.05,   486.94,   726.01
  465.46,   486.83,   851.00
  458.22,   611.97,   601.18
  459.63,   611.86,   726.17
  461.04,   611.75,   851.16
  591.98,   366.56,   599.45
  593.39,   366.44,   724.44
  594.79,   366.33,   849.44
  587.56,   491.48,   599.61
  588.96,   491.37,   724.61
  590.37,   491.25,   849.60
  583.13,   616.40,   599.78
  584.54,   616.29,   724.77
  585.95,   616.18,   849.76
  716.89,   370.98,   598.05
  718.30,   370.87,   723.04
  719.71,   370.76,   848.03
  712.47,   495.90,   598.21
  713.88,   495.79,   723.20
  715.29,   495.68,   848.19
  708.05,   620.82,   598.37
  709.46,   620.71,   723.36
  710.86,   620.60,   848.36
  464.69,   469.89,    96.96
  467.79,   472.28,   221.90
  470.89,   474.68,   346.84
  465.46,   594.86,    94.55
  468.56,   597.26,   219.49
  471.66,   599.65,   344.43
  466.23,   719.84,    92.13
  469.33,   722.23,   217.07
  472.43,   724.63,   342.01
  589.65,   469.06,    93.88
  592.75,   471.45,   218.82
  595.84,   473.85,   343.76
  590.42,   594.03,    91.47
  593.52,   596.43,   216.40
  596.62,   598.82,   341.34
  591.19,   719.01,    89.05
  594.29,   721.40,   213.99
  597.39,   723.80,   338.93
  714.61,   468.23,    90.80
  717.71,   470.62,   215.74
  720.80,   473.02,   340.68
  715.38,   593.20,    88.38
  718.48,   595.60,   213.32
  721.57,   597.99,   338.26
  716.15,   718.18,    85.97
  719.25,   720.57,   210.90
  722.35,   722.97,   335.84
  476.09,   484.77,   230.77
  476.74,   481.82,   355.74
  477.39,   478.87,   480.70
  471.88,   609.66,   233.74
  472.53,   606.71,   358.71
  473.18,   603.77,   483.67
  467.67,   734.56,   236.71
  468.32,   731.61,   361.67
  468.97,   728.66,   486.64
  601.01,   488.99,   230.22
  601.67,   486.05,   355.18
  602.32,   483.10,   480.15
  596.81,   613.89,   233.19
  597.46,   610.94,   358.15
  598.11,   607.99,   483.12
  592.60,   738.78,   236.16
  593.25,   735.83,   361.12
  593.90,   732.88,   486.09
  725.94,   493.22,   229.67
  726.60,   490.27,   354.63
  727.25,   487.32,   479.59
  721.73,   618.11,   232.64
  722.39,   615.16,   357.60
  723.04,   612.21,   482.56
  717.52,   743.01,   235.61
  718.18,   740.06,   360.57
  718.83,   737.11,   485.53
  471.87,   475.32,   351.85
  470.19,   476.23,   476.83
  468.52,   477.15,   601.82
  471.47,   600.32,   350.93
  469.79,   601.23,   475.91
  468.12,   602.14,   600.90
  471.07,   725.31,   350.01
  469.39,   726.23,   475.00
  467.72,   727.14,   599.98
  596.86,   475.73,   353.52
  595.18,   476.65,   478.50
  593.51,   477.56,   603.49
  596.46,   600.73,   352.60
  594.78,   601.64,   477.59
  593.11,   602.56,   602.57
  596.06,   725.73,   351.68
  594.38,   726.64,   476.67
  592.71,   727.55,   601.65
  721.84,   476.15,   355.19
  720.17,   477.06,   480.18
  718.50,   477.97,   605.16
  721.44,   601.14,   354.27
  719.77,   602.06,   479.26
  718.10,   602.97,   604.24
  721.04,   726.14,   353.35
  719.37,   727.05,   478.34
  717.70,   727.96,   603.32
  479.01,   482.85,   480.66
  477.82,   478.89,   605.59
  476.64,   474.93,   730.52
  481.11,   607.77,   484.64
  479.93,   603.81,   609.57
  478.74,   599.85,   734.50
  483.22,   732.69,   488.61
  482.04,   728.73,   613.55
  480.85,   724.77,   738.48
  603.99,   480.71,   481.77
  602.80,   476.75,   606.71
  601.61,   472.79,   731.64
  606.09,   605.63,   485.75
  604.91,   601.67,   610.68
  603.72,   597.71,   735.62
  608.20,   730.55,   489.73
  607.01,   726.59,   614.66
  605.83,   722.63,   739.60
  728.96,   478.57,   482.89
  727.78,   474.61,   607.82
  726.59,   470.65,   732.75
  731.07,   603.48,   486.87
  729.88,   599.52,   611.80
  728.70,   595.56,   736.73
  733.17,   728.40,   490.85
  731.99,   724.44,   615.78
  730.80,   720.48,   740.71
  482.04,   476.21,   605.94
  479.63,   479.24,   730.88
  477.22,   482.27,   855.82
  479.99,   601.15,   602.87
  477.58,   604.18,   727.81
  475.17,   607.21,   852.75
  477.94,   726.10,   599.80
  475.53,   729.13,   724.74
  473.12,   732.16,   849.68
  607.00,   478.32,   608.30
  604.59,   481.35,   733.24
  602.18,   484.38,   858.18
  604.95,   603.26,   605.23
  602.54,   606.29,   730.17
  600.13,   609.32,   855.11
  602.90,   728.21,   602.16
  600.49,   731.24,   727.10
  598.08,   734.27,   852.04
  731.96,   480.43,   610.66
  729.55,   483.46,   735.60
  727.14,   486.49,   860.54
  729.91,   605.37,   607.59
  727.50,   608.40,   732.53
  725.09,   611.43,   857.47
  727.86,   730.32,   604.52
  725.45,   733.35,   729.46
  723.04,   736.38,   854.40
  481.80,   599.33,   100.47
  480.02,   601.06,   225.44
  478.24,   602.78,   350.42
  480.08,   724.30,    98.72
  478.30,   726.03,   223.69
  476.52,   727.76,   348.67
  478.35,   849.28,    96.96
  476.57,   851.01,   221.94
  474.79,   852.73,   346.92
  606.77,   601.07,   102.22
  604.99,   602.80,   227.20
  603.21,   604.53,   352.18
  605.05,   726.05,   100.47
  603.27,   727.78,   225.45
  601.49,   729.51,   350.42
  603.33,   851.03,    98.72
  601.55,   852.75,   223.70
  599.77,   854.48,   348.67
  731.75,   602.82,   103.98
  729.97,   604.55,   228.96
  728.19,   606.28,   353.93
  730.03,   727.80,   102.23
  728.25,   729.52,   227.20
  726.47,   731.25,   352.18
  728.31,   852.77,   100.48
  726.53,   854.50,   225.45
  724.74,   856.23,   350.43
  475.84,   599.92,   225.84
  478.28,   603.00,   350.78
  480.71,   606.09,   475.71
  479.52,   724.82,   222.68
  481.96,   727.91,   347.62
  484.40,   730.99,   472.56
  483.20,   849.73,   219.53
  485.64,   852.81,   344.46
  488.08,   855.90,   469.40
  600.76,   596.17,   223.49
  603.20,   599.26,   348.43
  605.64,   602.34,   473.37
  604.44,   721.08,   220.34
  606.88,   724.16,   345.28
  609.32,   727.25,   470.21
  608.13,   845.98,   217.18
  610.56,   849.07,   342.12
  613.00,   852.16,   467.06
  725.68,   592.43,   221.15
  728.12,   595.52,   346.09
  730.56,   598.60,   471.02
  729.36,   717.34,   217.99
  731.80,   720.42,   342.93
  734.24,   723.51,   467.87
  733.05,   842.24,   214.84
  735.49,   845.33,   339.77
  737.92,   848.41,   464.71
  475.97,   597.56,   346.06
  474.95,   595.76,   471.04
  473.94,   593.96,   596.02
  474.10,   722.53,   347.84
  473.08,   720.73,   472.82
  472.07,   718.94,   597.80
  472.23,   847.50,   349.62
  471.22,   845.71,   474.60
  470.20,   843.91,   599.58
  600.95,   599.41,   347.10
  599.94,   597.62,   472.08
  598.92,   595.82,   597.06
  599.08,   724.39,   348.88
  598.07,   722.59,   473.86
  597.05,   720.79,   598.84
  597.21,   849.36,   350.66
  596.20,   847.56,   475.64
  595.18,   845.77,   600.63
  725.93,   601.27,   348.14
  724.92,   599.47,   473.12
  723.90,   597.67,   598.11
  724.06,   726.24,   349.92
  723.05,   724.44,   474.90
  722.03,   722.65,   599.89
  722.19,   851.21,   351.70
  721.18,   849.42,   476.68
  720.16,   847.62,   601.67
  476.27,   592.18,   472.45
  473.73,   594.87,   597.39
  471.18,   597.57,   722.34
  473.77,   717.13,   469.70
  471.22,   719.82,   594.65
  468.68,   722.51,   719.59
  471.27,   842.07,   466.96
  468.72,   844.76,   591.90
  466.18,   847.46,   716.85
  601.22,   594.74,   474.93
  598.67,   597.43,   599.88
  596.13,   600.12,   724.82
  598.72,   719.68,   472.19
  596.17,   722.38,   597.14
  593.63,   725.07,   722.08
  596.22,   844.63,   469.45
  593.67,   847.32,   594.39
  591.13,   850.01,   719.34
  726.17,   597.29,   477.42
  723.62,   599.99,   602.37
  721.08,   602.68,   727.31
  723.67,   722.24,   474.68
  721.12,   724.93,   599.63
  718.58,   727.62,   724.57
  721.17,   847.18,   471.94
  718.62,   849.88,   596.88
  716.08,   852.57,   721.83
  470.53,   599.05,   595.15
  473.26,   599.30,   720.12
  475.98,   599.54,   845.09
  472.10,   724.04,   594.86
  474.82,   724.29,   719.83
  477.55,   724.53,   844.80
  473.66,   849.03,   594.58
  476.39,   849.28,   719.55
  479.12,   849.52,   844.52
  595.49,   597.47,   592.42
  598.22,   597.72,   717.39
  600.94,   597.97,   842.36
  597.06,   722.46,   592.14
  599.78,   722.71,   717.11
  602.51,   722.96,   842.08
  598.62,   847.45,   591.86
  601.35,   847.70,   716.83
  604.08,   847.95,   841.80
  720.45,   595.90,   589.70
  723.18,   596.15,   714.67
  725.90,   596.40,   839.64
  722.02,   720.89,   589.41
  724.74,   721.14,   714.38
  727.47,   721.39,   839.35
  723.58,   845.88,   589.13
  726.31,   846.13,   714.10
  729.04,   846.38,   839.07
  583.00,    91.33,    91.68
  587.52,    90.12,   216.60
  592.04,    88.90,   341.51
  583.47,   216.32,    92.88
  587.99,   215.11,   217.79
  592.51,   213.90,   342.70
  583.93,   341.31,    94.07
  588.45,   340.10,   218.99
  592.97,   338.89,   343.90
  707.92,    90.90,    87.16
  712.44,    89.69,   212.07
  716.96,    88.48,   336.98
  708.38,   215.90,    88.35
  712.91,   214.69,   213.27
  717.43,   213.48,   338.18
  708.85,   340.89,    89.55
  713.37,   339.68,   214.46
  717.89,   338.47,   339.37
  832.84,    90.48,    82.63
  837.36,    89.27,   207.54
  841.88,    88.06,   332.46
  833.30,   215.48,    83.83
  837.82,   214.27,   208.74
  842.34,   213.06,   333.65
  833.77,   340.47,    85.02
  838.29,   339.26,   209.93
  842.81,   338.05,   334.85
  598.36,    91.40,   223.04
  600.11,    95.45,   347.97
  601.85,    99.50,   472.89
  596.38,   216.32,   219.02
  598.12,   220.37,   343.94
  599.86,   224.42,   468.86
  594.40,   341.24,   215.00
  596.14,   345.29,   339.92
  597.88,   349.34,   464.84
  723.34,    93.32,   221.24
  725.08,    97.38,   346.16
  726.82,   101.43,   471.08
  721.35,   218.24,   217.22
  723.09,   222.30,   342.14
  724.84,   226.35,   467.06
  719.37,   343.16,   213.19
  721.11,   347.21,   338.11
  722.85,   351.27,   463.04
  848.31,    95.25,   219.43
  850.05,    99.30,   344.36
  851.79,   103.35,   469.28
  846.33,   220.17,   215.41
  848.07,   224.22,   340.33
  849.81,   228.27,   465.25
  844.34,   345.09,   211.39
  846.08,   349.14,   336.31
  847.83,   353.19,   461.23
  609.56,   114.99,   357.37
  605.17,   112.62,   482.27
  600.78,   110.26,   607.18
  610.98,   239.95,   359.79
  606.58,   237.59,   484.69
  602.19,   235.22,   609.59
  612.39,   364.92,   362.21
  608.00,   362.56,   487.11
  603.61,   360.19,   612.01
  734.48,   113.49,   361.74
  730.09,   111.12,   486.64
  725.69,   108.76,   611.54
  735.89,   238.46,   364.15
  731.50,   236.09,   489.05
  727.11,   233.73,   613.95
  737.30,   363.42,   366.57
  732.91,   361.06,   491.47
  728.52,   358.70,   616.37
  859.39,   111.99,   366.10
  855.00,   109.62,   491.00
  850.61,   107.26,   615.90
  860.80,   236.96,   368.52
  856.41,   234.59,   493.42
  852.02,   232.23,   618.32
  862.22,   361.93,   370.93
  857.83,   359.56,   495.83
  853.44,   357.20,   620.73
  596.85,   105.53,   471.61
  600.91,   101.78,   596.49
  604.98,    98.02,   721.37
  600.10,   230.44,   475.26
  604.16,   226.68,   600.14
  608.23,   222.92,   725.02
  603.34,   355.34,   478.92
  607.41,   351.58,   603.80
  611.47,   347.83,   728.67
  721.74,   102.41,   467.45
  725.81,    98.65,   592.33
  729.87,    94.89,   717.21
  724.99,   227.31,   471.11
  729.05,   223.55,   595.98
  733.12,   219.80,   720.86
  728.23,   352.22,   474.76
  732.30,   348.46,   599.64
  736.37,   344.70,   724.51
  846.63,    99.28,   463.29
  850.70,    95.53,   588.17
  854.76,    91.77,   713.05
  849.88,   224.19,   466.95
  853.94,   220.43,   591.82
  858.01,   216.67,   716.70
  853.13,   349.09,   470.60
  857.19,   345.33,   595.48
  861.26,   341.57,   720.35
  591.98,   102.69,   595.06
  594.29,   102.91,   720.04
  596.61,   103.13,   845.02
  595.87,   227.63,   594.77
  598.18,   227.85,   719.75
  600.50,   228.07,   844.73
  599.76,   352.57,   594.48
  602.07,   352.79,   719.46
  604.39,   353.01,   844.44
  716.90,    98.79,   592.76
  719.21,    99.01,   717.74
  721.52,    99.23,   842.71
  720.79,   223.73,   592.47
  723.10,   223.95,   717.44
  725.41,   224.17,   842.42
  724.68,   348.67,   592.17
  726.99,   348.89,   717.15
  729.30,   349.11,   842.13
  841.82,    94.90,   590.45
  844.13,    95.12,   715.43
  846.44,    95.34,   840.41
  845.71,   219.84,   590.16
  848.02,   220.06,   715.14
  850.33,   220.28,   840.12
  849.60,   344.78,   589.87
  851.91,   345.00,   714.85
  854.22,   345.22,   839.83
  603.34,   220.11,   101.59
  603.62,   219.23,   226.58
  603.90,   218.35,   351.58
  602.00,   345.10,   102.47
  602.28,   344.22,   227.47
  602.56,   343.34,   352.46
  600.67,   470.09,   103.35
  600.95,   469.21,   228.35
  601.23,   468.33,   353.34
  728.33,   221.45,   101.32
  728.61,   220.57,   226.31
  728.89,   219.69,   351.31
  727.00,   346.44,   102.20
  727.28,   345.56,   227.20
  727.56,   344.68,   352.19
  725.66,   471.43,   103.08
  725.94,   470.55,   228.08
  726.22,   469.67,   353.07
  853.33,   222.79,   101.05
  853.61,   221.91,   226.04
  853.89,   221.03,   351.04
  851.99,   347.78,   101.93
  852.27,   346.90,   226.93
  852.55,   346.02,   351.92
  850.65,   472.77,   102.81
  850.93,   471.89,   227.81
  851.21,   471.01,   352.80
  590.27,   238.10,   220.67
  590.08,   239.91,   345.65
  589.89,   241.72,   470.64
  592.40,   363.07,   218.86
  592.22,   364.88,   343.85
  592.03,   366.69,   468.83
  594.54,   488.04,   217.05
  594.35,   489.85,   342.04
  594.16,   491.66,   467.03
  715.25,   235.97,   220.89
  715.06,   237.78,   345.87
  714.87,   239.59,   470.86
  717.39,   360.94,   219.08
  717.20,   362.75,   344.07
  717.01,   364.56,   469.05
  719.52,   485.91,   217.27
  719.33,   487.72,   342.26
  719.15,   489.53,   467.25
  840.23,   233.84,   221.11
  840.04,   235.65,   346.09
  839.86,   237.46,   471.08
  842.37,   358.80,   219.30
  842.18,   360.61,   344.29
  841.99,   362.42,   469.27
  844.50,   483.77,   217.49
  844.32,   485.58,   342.48
  844.13,   487.39,   467.47
  607.44,   219.44,   355.02
  605.72,   219.36,   480.01
  604.00,   219.27,   605.00
  607.01,   344.44,   355.10
  605.29,   344.36,   480.09
  603.57,   344.27,   605.08
  606.58,   469.44,   355.18
  604.86,   469.36,   480.16
  603.14,   469.27,   605.15
  732.43,   219.87,   356.74
  730.71,   219.79,   481.73
  728.99,   219.70,   606.72
  731.99,   344.87,   356.82
  730.28,   344.79,   481.81
  728.56,   344.70,   606.79
  731.56,   469.87,   356.89
  729.85,   469.79,   481.88
  728.13,   469.70,   606.87
  857.41,   220.30,   358.46
  855.70,   220.22,   483.45
  853.98,   220.14,   608.43
  856.98,   345.30,   358.53
  855.26,   345.22,   483.52
  853.55,   345.13,   608.51
  856.55,   470.30,   358.61
  854.83,   470.22,   483.60
  853.12,   470.13,   608.59
  587.44,   221.22,   468.51
  587.41,   221.65,   593.51
  587.38,   222.08,   718.50
  589.01,   346.21,   468.08
  588.98,   346.64,   593.08
  588.96,   347.07,   718.08
  590.58,   471.20,   467.65
  590.56,   471.63,   592.65
  590.53,   472.06,   717.65
  712.43,   219.64,   468.54
  712.40,   220.07,   593.54
  712.37,   220.50,   718.54
  714.00,   344.63,   468.11
  713.97,   345.06,   593.11
  713.95,   345.49,   718.11
  715.57,   469.62,   467.68
  715.55,   470.05,   592.68
  715.52,   470.48,   717.68
  837.42,   218.07,   468.57
  837.39,   218.50,   593.57
  837.36,   218.93,   718.57
  838.99,   343.06,   468.14
  838.96,   343.49,   593.14
  838.94,   343.92,   718.14
  840.56,   468.05,   467.71
  840.54,   468.48,   592.71
  840.51,   468.91,   717.71
  600.15,   234.84,   601.86
  596.59,   230.90,   726.75
  593.03,   226.95,   851.64
  596.98,   359.74,   605.72
  593.42,   355.80,   730.61
  589.86,   351.85,   855.49
  593.81,   484.64,   609.58
  590.25,   480.70,   734.47
  586.69,   476.75,   859.35
  725.06,   237.90,   605.52
  721.50,   233.95,   730.40
  717.94,   230.00,   855.29
  721.89,   362.80,   609.38
  718.33,   358.85,   734.26
  714.77,   354.90,   859.15
  718.72,   487.70,   613.23
  715.16,   483.75,   738.12
  711.60,   479.80,   863.01
  849.97,   240.96,   609.17
  846.41,   237.01,   734.06
  842.85,   233.06,   858.95
  846.80,   365.86,   613.03
  843.24,   361.91,   737.92
  839.68,   357.96,   862.81
  843.63,   490.76,   616.89
  840.07,   486.81,   741.78
  836.51,   482.86,   866.66
  599.05,   336.06,    95.50
  599.55,   337.13,   220.50
  600.05,   338.19,   345.49
  599.56,   461.05,    94.44
  600.06,   462.12,   219.43
  600.56,   463.19,   344.43
  600.07,   586.05,    93.37
  600.57,   587.12,   218.36
  601.08,   588.18,   343.36
  724.04,   335.54,    95.01
  724.55,   336.61,   220.00
  725.05,   337.68,   345.00
  724.56,   460.54,    93.94
  725.06,   461.60,   218.93
  725.56,   462.67,   343.93
  725.07,   585.53,    92.87
  725.57,   586.60,   217.87
  726.07,   587.66,   342.86
  849.04,   335.03,    94.51
  849.54,   336.09,   219.50
  850.05,   337.16,   344.50
  849.56,   460.02,    93.44
  850.06,   461.09,   218.44
  850.56,   462.15,   343.43
  850.07,   585.02,    92.37
  850.57,   586.08,   217.37
  851.07,   587.15,   342.36
  594.36,   346.16,   222.82
  597.72,   346.11,   347.78
  601.07,   346.05,   472.73
  596.39,   471.15,   222.82
  599.74,   471.09,   347.78
  603.09,   471.03,   472.73
  598.41,   596.13,   222.82
  601.77,   596.07,   347.78
  605.12,   596.02,   472.73
  719.30,   344.14,   219.47
  722.65,   344.08,   344.42
  726.01,   344.03,   469.38
  721.33,   469.12,   219.47
  724.68,   469.07,   344.42
  728.03,   469.01,   469.38
  723.35,   594.11,   219.47
  726.70,   594.05,   344.42
  730.06,   593.99,   469.38
  844.24,   342.11,   216.11
  847.59,   342.06,   341.07
  850.95,   342.00,   466.02
  846.26,   467.10,   216.12
  849.62,   467.04,   341.07
  852.97,   466.99,   466.03
  848.29,   592.08,   216.12
  851.64,   592.03,   341.07
  855.00,   591.97,   466.03
  603.50,   355.91,   351.84
  604.51,   355.28,   476.84
  605.53,   354.65,   601.83
  605.26,   480.89,   352.46
  606.27,   480.26,   477.45
  607.28,   479.63,   602.45
  607.01,   605.88,   353.07
  608.03,   605.25,   478.07
  609.04,   604.62,   603.06
  728.49,   354.16,   350.82
  729.50,   353.53,   475.82
  730.51,   352.90,   600.81
  730.24,   479.14,   351.44
  731.25,   478.51,   476.43
  732.26,   477.88,   601.43
  732.00,   604.13,   352.05
  733.01,   603.50,   477.05
  734.02,   602.87,   602.04
  853.47,   352.41,   349.80
  854.48,   351.78,   474.80
  855.49,   351.15,   599.79
  855.23,   477.39,   350.42
  856.24,   476.76,   475.41
  857.25,   476.13,   600.41
  856.98,   602.38,   351.03
  857.99,   601.75,   476.03
  859.00,   601.12,   601.02
  590.23,   348.40,   470.97
  592.54,   350.06,   595.94
  594.84,   351.72,   720.91
  591.02,   473.39,   469.30
  593.33,   475.05,   594.27
  595.64,   476.71,   719.23
  591.81,   598.37,   467.62
  594.12,   600.03,   592.59
  596.43,   601.69,   717.56
  715.20,   347.58,   468.68
  717.51,   349.24,   593.64
  719.82,   350.90,   718.61
  716.00,   472.56,   467.00
  718.30,   474.22,   591.97
  720.61,   475.88,   716.94
  716.79,   597.55,   465.32
  719.10,   599.21,   590.29
  721.40,   600.87,   715.26
  840.18,   346.75,   466.38
  842.49,   348.41,   591.35
  844.80,   350.07,   716.31
  840.97,   471.74,   464.70
  843.28,   473.40,   589.67
  845.59,   475.06,   714.64
  841.76,   596.73,   463.03
  844.07,   598.39,   587.99
  846.38,   600.05,   712.96
  594.39,   349.34,   597.38
  594.49,   347.71,   722.37
  594.59,   346.08,   847.36
  592.83,   474.32,   599.01
  592.93,   472.69,   724.00
  593.03,   471.06,   848.99
  591.27,   599.30,   600.64
  591.37,   597.67,   725.62
  591.47,   596.04,   850.61
  719.38,   350.90,   597.30
  719.48,   349.27,   722.29
  719.58,   347.65,   847.28
  717.82,   475.88,   598.93
  717.92,   474.25,   723.92
  718.02,   472.63,   848.91
  716.26,   600.86,   600.56
  716.36,   599.23,   725.54
  716.46,   597.60,   850.53
  844.37,   352.46,   597.22
  844.47,   350.84,   722.21
  844.57,   349.21,   847.20
  842.81,   477.44,   598.85
  842.91,   475.82,   723.84
  843.01,   474.19,   848.83
  841.25,   602.42,   600.48
  841.35,   600.80,   725.47
  841.45,   599.17,   850.45
  607.05,   460.53,    99.54
  606.57,   464.84,   224.46
  606.09,   469.15,   349.39
  608.85,   585.45,    95.24
  608.37,   589.76,   220.16
  607.89,   594.06,   345.09
  610.65,   710.36,    90.94
  610.17,   714.67,   215.86
  609.69,   718.98,   340.79
  732.03,   458.75,   100.08
  731.56,   463.06,   225.00
  731.08,   467.37,   349.93
  733.83,   583.66,    95.78
  733.35,   587.97,   220.70
  732.88,   592.28,   345.63
  735.63,   708.58,    91.48
  735.15,   712.89,   216.40
  734.68,   717.20,   341.33
  857.02,   456.97,   100.62
  856.54,   461.28,   225.54
  856.06,   465.59,   350.47
  858.82,   581.88,    96.32
  858.34,   586.19,   221.24
  857.86,   590.50,   346.17
  860.62,   706.80,    92.01
  860.14,   711.11,   216.94
  859.66,   715.41,   341.86
  603.30,   476.38,   227.96
  603.05,   475.15,   352.96
  602.81,   473.92,   477.95
  605.80,   601.34,   229.19
  605.56,   600.12,   354.19
  605.32,   598.89,   479.18
  608.31,   726.31,   230.43
  608.06,   725.09,   355.42
  607.82,   723.86,   480.41
  728.27,   473.87,   228.18
  728.03,   472.64,   353.18
  727.79,   471.42,   478.17
  730.78,   598.84,   229.41
  730.53,   597.61,   354.41
  730.29,   596.38,   479.40
  733.28,   723.81,   230.64
  733.04,   722.58,   355.64
  732.79,   721.35,   480.63
  853.25,   471.36,   228.40
  853.00,   470.14,   353.39
  852.76,   468.91,   478.39
  855.75,   596.33,   229.63
  855.51,   595.10,   354.63
  855.26,   593.88,   479.62
  858.26,   721.30,   230.86
  858.01,   720.07,   355.86
  857.77,   718.85,   480.85
  604.17,   468.24,   351.21
  601.01,   471.49,   476.12
  597.85,   474.73,   601.04
  601.47,   593.16,   347.89
  598.31,   596.41,   472.81
  595.14,   599.66,   597.72
  598.76,   718.09,   344.57
  595.60,   721.34,   469.49
  592.44,   724.59,   594.41
  729.10,   471.02,   354.30
  725.94,   474.27,   479.21
  722.78,   477.52,   604.13
  726.40,   595.95,   350.98
  723.24,   599.20,   475.90
  720.07,   602.45,   600.82
  723.70,   720.88,   347.66
  720.53,   724.13,   472.58
  717.37,   727.37,   597.50
  854.04,   473.81,   357.39
  850.87,   477.06,   482.31
  847.71,   480.31,   607.22
  851.33,   598.74,   354.07
  848.17,   601.99,   478.99
  845.01,   605.23,   603.91
  848.63,   723.66,   350.75
  845.46,   726.91,   475.67
  842.30,   730.16,   600.59
  586.19,   480.30,   472.82
  586.56,   477.67,   597.79
  586.93,   475.04,   722.76
  585.84,   605.27,   475.45
  586.21,   602.64,   600.42
  586.58,   600.01,   725.39
  585.49,   730.24,   478.08
  585.86,   727.61,   603.05
  586.23,   724.98,   728.02
  711.19,   480.66,   472.45
  711.56,   478.02,   597.42
  711.93,   475.39,   722.40
  710.84,   605.63,   475.08
  711.21,   603.00,   600.06
  711.58,   600.36,   725.03
  710.49,   730.60,   477.72
  710.86,   727.97,   602.69
  711.23,   725.34,   727.66
  836.18,   481.01,   472.09
  836.56,   478.38,   597.06
  836.93,   475.75,   722.03
  835.84,   605.98,   474.72
  836.21,   603.35,   599.69
  836.58,   600.72,   724.66
  835.49,   730.95,   477.35
  835.86,   728.32,   602.33
  836.23,   725.69,   727.30
  608.32,   471.19,   604.28
  609.86,   473.87,   729.25
  611.39,   476.54,   854.21
  610.41,   596.15,   601.59
  611.94,   598.82,   726.55
  613.48,   601.49,   851.51
  612.49,   721.10,   598.89
  614.03,   723.77,   723.85
  615.56,   726.44,   848.81
  733.30,   469.08,   602.79
  734.83,   471.75,   727.76
  736.37,   474.42,   852.72
  735.38,   594.03,   600.10
  736.92,   596.70,   725.06
  738.45,   599.37,   850.02
  737.47,   718.98,   597.40
  739.00,   721.65,   722.36
  740.54,   724.33,   847.32
  858.27,   466.96,   601.31
  859.81,   469.63,   726.27
  861.34,   472.30,   851.23
  860.36,   591.91,   598.61
  861.89,   594.58,   723.57
  863.43,   597.26,   848.53
  862.44,   716.87,   595.91
  863.98,   719.54,   720.87
  865.51,   722.21,   845.83
  580.95,   605.46,    93.88
  585.50,   604.91,   218.80
  590.05,   604.36,   343.71
  576.17,   730.36,    94.60
  580.72,   729.81,   219.52
  585.27,   729.26,   344.44
  571.39,   855.27,    95.33
  575.94,   854.72,   220.24
  580.49,   854.17,   345.16
  705.78,   610.26,    89.35
  710.33,   609.71,   214.27
  714.88,   609.16,   339.19
  701.00,   735.17,    90.08
  705.55,   734.62,   214.99
  710.10,   734.06,   339.91
  696.22,   860.07,    90.80
  700.77,   859.52,   215.72
  705.32,   858.97,   340.64
  830.60,   615.06,    84.83
  835.15,   614.51,   209.74
  839.70,   613.96,   334.66
  825.82,   739.97,    85.55
  830.37,   739.42,   210.47
  834.92,   738.87,   335.39
  821.04,   864.88,    86.28
  825.59,   864.32,   211.19
  830.14,   863.77,   336.11
  606.46,   597.20,   225.54
  602.70,   596.28,   350.48
  598.94,   595.36,   475.42
  607.59,   722.19,   226.49
  603.83,   721.27,   351.43
  600.07,   720.35,   476.37
  608.72,   847.18,   227.45
  604.96,   846.26,   352.39
  601.20,   845.34,   477.33
  731.40,   596.04,   229.30
  727.64,   595.12,   354.24
  723.88,   594.20,   479.18
  732.53,   721.03,   230.25
  728.77,   720.11,   355.19
  725.01,   719.20,   480.13
  733.66,   846.02,   231.20
  729.90,   845.10,   356.14
  726.14,   844.19,   481.08
  856.34,   594.88,   233.05
  852.58,   593.96,   357.99
  848.81,   593.05,   482.93
  857.47,   719.87,   234.00
  853.71,   718.96,   358.94
  849.94,   718.04,   483.88
  858.60,   844.86,   234.96
  854.84,   843.95,   359.90
  851.07,   843.03,   484.84
  586.82,   588.56,   337.39
  586.17,   591.20,   462.36
  585.52,   593.84,   587.33
  583.47,   713.49,   334.74
  582.82,   716.12,   459.71
  582.17,   718.76,   584.68
  580.12,   838.41,   332.08
  579.47,   841.05,   457.05
  578.82,   843.69,   582.02
  711.77,   591.92,   337.97
  711.12,   594.56,   462.94
  710.47,   597.20,   587.91
  708.43,   716.85,   335.32
  707.77,   719.49,   460.29
  707.12,   722.12,   585.26
  705.08,   841.78,   332.66
  704.42,   844.41,   457.63
  703.77,   847.05,   582.61
  836.73,   595.28,   338.55
  836.08,   597.92,   463.52
  835.42,   600.56,   588.49
  833.38,   720.21,   335.90
  832.73,   722.85,   460.87
  832.07,   725.49,   585.84
  830.03,   845.14,   333.25
  829.38,   847.78,   458.22
  828.73,   850.41,   583.19
  599.71,   592.76,   471.10
  600.44,   590.43,   596.08
  601.16,   588.10,   721.05
  598.21,   717.73,   473.44
  598.94,   715.40,   598.42
  599.66,   713.07,   723.39
  596.72,   842.70,   475.78
  597.44,   840.37,   600.75
  598.16,   838.04,   725.73
  724.70,   594.27,   470.41
  725.42,   591.94,   595.38
  726.15,   589.61,   720.36
  723.20,   719.24,   472.74
  723.93,   716.91,   597.72
  724.65,   714.58,   722.70
  721.70,   844.21,   475.08
  722.43,   841.88,   600.06
  723.15,   839.55,   725.04
  849.69,   595.79,   469.71
  850.41,   593.46,   594.69
  851.14,   591.13,   719.66
  848.19,   720.76,   472.05
  848.92,   718.43,   597.03
  849.64,   716.10,   722.00
  846.69,   845.72,   474.39
  847.42,   843.39,   599.36
  848.14,   841.06,   724.34
  594.18,   600.27,   597.18
  598.11,   602.54,   722.10
  602.05,   604.81,   847.02
  595.46,   725.25,   594.87
  599.39,   727.52,   719.79
  603.33,   729.79,   844.71
  596.74,   850.22,   592.56
  600.67,   852.49,   717.48
  604.60,   854.76,   842.39
  719.11,   598.92,   593.27
  723.05,   601.19,   718.19
  726.98,   603.46,   843.11
  720.39,   723.90,   590.96
  724.32,   726.17,   715.88
  728.26,   728.44,   840.80
  721.67,   848.87,   588.65
  725.60,   851.14,   713.57
  729.53,   853.41,   838.49
  844.04,   597.57,   589.36
  847.98,   599.84,   714.28
  851.91,   602.11,   839.20
  845.32,   722.55,   587.05
  849.26,   724.82,   711.97
  853.19,   727.09,   836.89
  846.60,   847.52,   584.74
  850.53,   849.79,   709.66
  854.47,   852.06,   834.58
