27, 125, pa2-unknown-g-output1.txt
  204.25,   209.36,   194.91
  396.53,   412.73,   208.66
  107.88,    93.77,    99.63
  110.57,    91.41,   224.58
  113.26,    89.04,   349.53
  104.12,   218.69,   102.08
  106.81,   216.33,   227.03
  109.50,   213.96,   351.97
  100.36,   343.61,   104.52
  103.05,   341.24,   229.47
  105.74,   338.88,   354.42
  232.80,    97.58,    97.02
  235.48,    95.22,   221.97
  238.17,    92.85,   346.92
  229.04,   222.50,    99.46
  231.72,   220.13,   224.41
  234.41,   217.77,   349.36
  225.28,   347.42,   101.91
  227.97,   345.05,   226.86
  230.65,   342.69,   351.80
  357.71,   101.39,    94.40
  360.40,    99.03,   219.35
  363.08,    96.66,   344.30
  353.95,   226.31,    96.85
  356.64,   223.94,   221.80
  359.33,   221.58,   346.75
  350.19,   351.23,    99.29
  352.88,   348.86,   224.24
  355.57,   346.50,   349.19
  106.29,   104.60,   226.82
  103.79,   102.95,   351.79
  101.30,   101.29,   476.75
  109.54,   229.55,   228.54
  107.05,   227.89,   353.51
  104.55,   226.24,   478.47
  112.80,   354.50,   230.27
  110.30,   352.84,   355.23
  107.81,   351.18,   480.19
  231.22,   101.32,   229.27
  228.73,    99.66,   354.24
  226.23,    98.00,   479.20
  234.48,   226.26,   231.00
  231.98,   224.61,   355.96
  229.49,   222.95,   480.92
  237.73,   351.21,   232.72
  235.24,   349.55,   357.68
  232.74,   347.90,   482.64
  356.15,    98.03,   231.73
  353.66,    96.37,   356.69
  351.17,    94.72,   481.65
  359.41,   222.97,   233.45
  356.91,   221.32,   358.41
  354.42,   219.66,   483.37
  362.66,   347.92,   235.17
  360.17,   346.26,   360.13
  357.67,   344.61,   485.09
  102.68,   106.27,   350.18
  103.78,   107.39,   475.17
  104.89,   108.51,   600.16
  103.64,   231.26,   349.05
  104.75,   232.38,   474.04
  105.86,   233.50,   599.03
  104.61,   356.25,   347.92
  105.71,   357.37,   472.91
  106.82,   358.49,   597.90
  227.67,   105.30,   349.08
  228.78,   106.42,   474.07
  229.88,   107.54,   599.06
  228.63,   230.29,   347.95
  229.74,   231.41,   472.94
  230.85,   232.53,   597.93
  229.60,   355.28,   346.82
  230.71,   356.40,   471.81
  231.81,   357.52,   596.80
  352.66,   104.32,   347.98
  353.77,   105.44,   472.97
  354.87,   106.56,   597.96
  353.62,   229.31,   346.85
  354.73,   230.43,   471.84
  355.84,   231.55,   596.83
  354.59,   354.30,   345.72
  355.70,   355.42,   470.71
  356.80,   356.54,   595.70
   97.97,    93.81,   473.53
   94.71,    92.20,   598.48
   91.45,    90.59,   723.43
  101.43,   218.75,   475.23
   98.17,   217.14,   600.18
   94.92,   215.53,   725.13
  104.90,   343.69,   476.93
  101.64,   342.08,   601.88
   98.38,   340.48,   726.83
  222.88,    90.30,   476.74
  219.62,    88.70,   601.69
  216.36,    87.09,   726.64
  226.34,   215.24,   478.44
  223.08,   213.64,   603.39
  219.82,   212.03,   728.34
  229.81,   340.19,   480.14
  226.55,   338.58,   605.09
  223.29,   336.97,   730.04
  347.79,    86.80,   479.96
  344.53,    85.19,   604.90
  341.27,    83.58,   729.85
  351.25,   211.74,   481.66
  347.99,   210.13,   606.60
  344.73,   208.52,   731.55
  354.72,   336.68,   483.36
  351.46,   335.07,   608.30
  348.20,   333.46,   733.25
  101.10,   105.24,   600.34
  101.83,   105.95,   725.34
  102.57,   106.66,   850.33
   98.27,   230.21,   599.65
   99.00,   230.92,   724.65
   99.74,   231.62,   849.64
   95.44,   355.18,   598.96
   96.18,   355.88,   723.96
   96.91,   356.59,   848.95
  226.07,   108.07,   599.59
  226.80,   108.78,   724.59
  227.53,   109.48,   849.59
  223.24,   233.03,   598.91
  223.97,   233.74,   723.90
  224.70,   234.45,   848.90
  220.41,   358.00,   598.22
  221.14,   358.71,   723.21
  221.87,   359.41,   848.21
  351.03,   110.89,   598.85
  351.77,   111.60,   723.84
  352.50,   112.31,   848.84
  348.20,   235.86,   598.16
  348.94,   236.57,   723.15
  349.67,   237.27,   848.15
  345.38,   360.83,   597.47
  346.11,   361.53,   722.46
  346.84,   362.24,   847.46
  107.83,   222.72,    99.07
  105.33,   221.61,   224.04
  102.83,   220.50,   349.01
  106.79,   347.71,   100.16
  104.29,   346.60,   225.13
  101.79,   345.50,   350.10
  105.75,   472.70,   101.25
  103.25,   471.59,   226.22
  100.75,   470.49,   351.19
  232.80,   223.74,   101.58
  230.30,   222.63,   226.55
  227.80,   221.52,   351.52
  231.76,   348.73,   102.67
  229.26,   347.62,   227.64
  226.76,   346.51,   352.61
  230.72,   473.72,   103.76
  228.22,   472.61,   228.73
  225.72,   471.50,   353.70
  357.77,   224.76,   104.09
  355.27,   223.65,   229.06
  352.77,   222.54,   354.03
  356.73,   349.75,   105.17
  354.23,   348.64,   230.14
  351.73,   347.53,   355.12
  355.69,   474.74,   106.26
  353.19,   473.63,   231.23
  350.69,   472.52,   356.20
   92.90,   236.16,   225.77
   93.26,   238.05,   350.76
   93.63,   239.95,   475.74
   92.13,   361.14,   223.88
   92.49,   363.03,   348.86
   92.86,   364.93,   473.85
   91.36,   486.12,   221.98
   91.73,   488.02,   346.97
   92.09,   489.91,   471.95
  217.90,   236.92,   225.40
  218.26,   238.81,   350.38
  218.62,   240.71,   475.37
  217.13,   361.90,   223.50
  217.49,   363.80,   348.49
  217.85,   365.69,   473.47
  216.36,   486.88,   221.61
  216.72,   488.78,   346.59
  217.09,   490.68,   471.58
  342.89,   237.68,   225.02
  343.26,   239.58,   350.01
  343.62,   241.47,   474.99
  342.13,   362.66,   223.13
  342.49,   364.56,   348.11
  342.85,   366.46,   473.10
  341.36,   487.65,   221.24
  341.72,   489.54,   346.22
  342.08,   491.44,   471.21
   93.49,   228.47,   349.06
   92.39,   230.83,   474.03
   91.28,   233.18,   599.00
   91.25,   353.43,   346.69
   90.14,   355.78,   471.66
   89.03,   358.14,   596.63
   89.01,   478.39,   344.31
   87.90,   480.74,   469.29
   86.79,   483.09,   594.26
  218.47,   230.74,   350.12
  217.36,   233.09,   475.10
  216.25,   235.44,   600.07
  216.22,   355.70,   347.75
  215.12,   358.05,   472.72
  214.01,   360.40,   597.70
  213.98,   480.65,   345.38
  212.87,   483.01,   470.35
  211.77,   485.36,   595.33
  343.44,   233.00,   351.19
  342.34,   235.35,   476.16
  341.23,   237.71,   601.13
  341.20,   357.96,   348.82
  340.09,   360.31,   473.79
  338.98,   362.66,   598.76
  338.96,   482.92,   346.44
  337.85,   485.27,   471.42
  336.74,   487.62,   596.39
  108.64,   228.52,   475.76
  108.56,   225.01,   600.71
  108.47,   221.50,   725.66
  112.22,   353.42,   479.27
  112.13,   349.91,   604.22
  112.04,   346.40,   729.17
  115.79,   478.32,   482.79
  115.70,   474.81,   607.74
  115.62,   471.30,   732.69
  233.59,   224.95,   475.74
  233.51,   221.44,   600.69
  233.42,   217.92,   725.64
  237.16,   349.85,   479.26
  237.08,   346.34,   604.21
  236.99,   342.82,   729.16
  240.74,   474.75,   482.77
  240.65,   471.24,   607.72
  240.56,   467.72,   732.67
  358.54,   221.38,   475.73
  358.46,   217.86,   600.68
  358.37,   214.35,   725.63
  362.11,   346.28,   479.24
  362.03,   342.76,   604.19
  361.94,   339.25,   729.14
  365.68,   471.18,   482.76
  365.60,   467.66,   607.71
  365.51,   464.15,   732.66
  105.54,   215.53,   598.59
  107.42,   214.69,   723.57
  109.31,   213.84,   848.55
  103.18,   340.51,   599.47
  105.06,   339.66,   724.45
  106.95,   338.81,   849.44
  100.82,   465.48,   600.35
  102.71,   464.63,   725.34
  104.59,   463.79,   850.32
  230.50,   217.90,   596.72
  232.39,   217.06,   721.70
  234.27,   216.21,   846.69
  228.14,   342.88,   597.60
  230.03,   342.03,   722.59
  231.91,   341.18,   847.57
  225.78,   467.85,   598.49
  227.67,   467.01,   723.47
  229.55,   466.16,   848.45
  355.47,   220.28,   594.85
  357.35,   219.43,   719.83
  359.24,   218.58,   844.82
  353.11,   345.25,   595.73
  354.99,   344.40,   720.72
  356.88,   343.56,   845.70
  350.75,   470.23,   596.62
  352.63,   469.38,   721.60
  354.52,   468.53,   846.58
  112.15,   361.05,   104.20
  110.30,   363.45,   229.16
  108.45,   365.85,   354.12
  115.60,   485.98,   101.85
  113.76,   488.38,   226.81
  111.91,   490.78,   351.77
  119.06,   610.91,    99.49
  117.21,   613.31,   224.46
  115.36,   615.71,   349.42
  237.09,   357.63,   106.11
  235.24,   360.03,   231.08
  233.39,   362.43,   356.04
  240.54,   482.56,   103.76
  238.69,   484.96,   228.72
  236.85,   487.36,   353.69
  244.00,   607.49,   101.41
  242.15,   609.89,   226.37
  240.30,   612.29,   351.34
  362.03,   354.21,   108.03
  360.18,   356.61,   232.99
  358.33,   359.01,   357.95
  365.48,   479.14,   105.67
  363.63,   481.54,   230.64
  361.78,   483.94,   355.60
  368.94,   604.07,   103.32
  367.09,   606.47,   228.29
  365.24,   608.87,   353.25
   87.34,   364.00,   227.75
   85.69,   359.06,   352.65
   84.05,   354.13,   477.54
   85.82,   488.89,   232.67
   84.18,   483.96,   357.56
   82.54,   479.03,   482.45
   84.31,   613.78,   237.58
   82.67,   608.85,   362.47
   81.02,   603.92,   487.36
  212.32,   365.44,   229.46
  210.67,   360.51,   354.35
  209.03,   355.58,   479.24
  210.80,   490.34,   234.37
  209.16,   485.41,   359.26
  207.52,   480.47,   484.15
  209.29,   615.23,   239.28
  207.65,   610.30,   364.17
  206.00,   605.37,   489.06
  337.30,   366.89,   231.16
  335.65,   361.96,   356.05
  334.01,   357.03,   480.94
  335.78,   491.79,   236.07
  334.14,   486.85,   360.96
  332.50,   481.92,   485.85
  334.27,   616.68,   240.98
  332.63,   611.75,   365.87
  330.98,   606.82,   490.76
  108.72,   355.77,   353.56
  108.29,   353.96,   478.54
  107.86,   352.14,   603.53
  105.29,   480.71,   355.36
  104.86,   478.90,   480.34
  104.43,   477.08,   605.33
  101.86,   605.65,   357.16
  101.43,   603.84,   482.15
  101.01,   602.02,   607.13
  233.67,   359.19,   354.03
  233.24,   357.38,   479.02
  232.81,   355.56,   604.00
  230.24,   484.13,   355.83
  229.81,   482.32,   480.82
  229.39,   480.50,   605.81
  226.81,   609.07,   357.64
  226.39,   607.26,   482.62
  225.96,   605.44,   607.61
  358.62,   362.61,   354.51
  358.19,   360.80,   479.50
  357.77,   358.98,   604.48
  355.19,   487.55,   356.31
  354.77,   485.74,   481.30
  354.34,   483.92,   606.28
  351.77,   612.49,   358.11
  351.34,   610.68,   483.10
  350.91,   608.86,   608.08
   98.39,   350.52,   475.80
  102.05,   352.16,   600.74
  105.70,   353.81,   725.67
  100.99,   475.48,   474.08
  104.65,   477.13,   599.02
  108.30,   478.77,   723.95
  103.59,   600.44,   472.36
  107.25,   602.09,   597.30
  110.90,   603.73,   722.23
  223.31,   347.87,   472.18
  226.97,   349.52,   597.12
  230.62,   351.16,   722.05
  225.91,   472.84,   470.46
  229.57,   474.48,   595.40
  233.22,   476.12,   720.33
  228.51,   597.80,   468.74
  232.16,   599.44,   593.68
  235.82,   601.08,   718.62
  348.23,   345.23,   468.56
  351.89,   346.87,   593.50
  355.54,   348.51,   718.44
  350.83,   470.19,   466.84
  354.49,   471.83,   591.78
  358.14,   473.47,   716.72
  353.43,   595.15,   465.12
  357.08,   596.79,   590.06
  360.74,   598.44,   715.00
   90.62,   344.60,   597.63
   91.52,   345.79,   722.62
   92.43,   346.98,   847.61
   89.20,   469.59,   596.45
   90.10,   470.78,   721.44
   91.01,   471.97,   846.44
   87.78,   594.58,   595.28
   88.68,   595.76,   720.27
   89.59,   596.95,   845.26
  215.61,   346.01,   596.72
  216.51,   347.20,   721.71
  217.42,   348.39,   846.70
  214.19,   471.00,   595.54
  215.09,   472.19,   720.53
  216.00,   473.38,   845.52
  212.77,   595.99,   594.36
  213.67,   597.18,   719.35
  214.58,   598.36,   844.34
  340.60,   347.43,   595.80
  341.50,   348.61,   720.79
  342.40,   349.80,   845.78
  339.18,   472.41,   594.62
  340.08,   473.60,   719.61
  340.98,   474.79,   844.60
  337.76,   597.40,   593.44
  338.66,   598.59,   718.43
  339.56,   599.78,   843.42
   90.14,   479.40,    99.29
   93.16,   479.02,   224.26
   96.17,   478.64,   349.22
   91.26,   604.39,    99.64
   94.27,   604.01,   224.61
   97.29,   603.64,   349.57
   92.37,   729.38,    99.99
   95.39,   729.01,   224.96
   98.40,   728.63,   349.92
  215.10,   478.29,    96.28
  218.12,   477.91,   221.24
  221.13,   477.53,   346.20
  216.22,   603.28,    96.63
  219.23,   602.91,   221.59
  222.25,   602.53,   346.55
  217.33,   728.28,    96.98
  220.35,   727.90,   221.94
  223.36,   727.52,   346.90
  340.06,   477.18,    93.26
  343.07,   476.80,   218.22
  346.09,   476.43,   343.18
  341.18,   602.17,    93.61
  344.19,   601.80,   218.57
  347.21,   601.42,   343.53
  342.29,   727.17,    93.96
  345.31,   726.79,   218.92
  348.32,   726.42,   343.88
   90.28,   476.90,   223.92
   87.15,   480.67,   348.83
   84.02,   484.44,   473.73
   93.21,   601.81,   220.23
   90.09,   605.58,   345.13
   86.96,   609.35,   470.04
   96.15,   726.72,   216.54
   93.02,   730.49,   341.44
   89.90,   734.26,   466.34
  215.20,   474.06,   227.14
  212.08,   477.83,   352.04
  208.95,   481.60,   476.94
  218.14,   598.97,   223.44
  215.01,   602.74,   348.35
  211.89,   606.51,   473.25
  221.08,   723.88,   219.75
  217.95,   727.65,   344.65
  214.82,   731.42,   469.56
  340.13,   471.22,   230.35
  337.00,   474.99,   355.25
  333.88,   478.75,   480.16
  343.06,   596.13,   226.65
  339.94,   599.90,   351.56
  336.81,   603.66,   476.46
  346.00,   721.04,   222.96
  342.88,   724.81,   347.86
  339.75,   728.57,   472.77
  100.91,   472.05,   348.34
  104.01,   475.28,   473.26
  107.11,   478.51,   598.18
   99.00,   596.99,   345.15
  102.09,   600.22,   470.07
  105.19,   603.46,   594.99
   97.08,   721.94,   341.97
  100.18,   725.17,   466.89
  103.28,   728.40,   591.81
  225.86,   473.88,   345.19
  228.96,   477.12,   470.11
  232.06,   480.35,   595.03
  223.94,   598.83,   342.01
  227.04,   602.06,   466.93
  230.14,   605.29,   591.85
  222.03,   723.77,   338.82
  225.12,   727.01,   463.74
  228.22,   730.24,   588.66
  350.81,   475.72,   342.05
  353.90,   478.95,   466.97
  357.00,   482.19,   591.89
  348.89,   600.66,   338.86
  351.99,   603.90,   463.78
  355.09,   607.13,   588.70
  346.97,   725.61,   335.67
  350.07,   728.84,   460.59
  353.17,   732.07,   585.51
  106.77,   467.48,   472.57
  105.47,   467.18,   597.56
  104.18,   466.88,   722.56
  104.28,   592.46,   472.85
  102.99,   592.15,   597.84
  101.69,   591.85,   722.83
  101.79,   717.43,   473.13
  100.50,   717.13,   598.12
   99.20,   716.83,   723.11
  231.74,   469.97,   473.87
  230.44,   469.67,   598.86
  229.15,   469.36,   723.86
  229.25,   594.94,   474.15
  227.95,   594.64,   599.14
  226.66,   594.34,   724.14
  226.76,   719.92,   474.43
  225.46,   719.62,   599.42
  224.17,   719.31,   724.41
  356.71,   472.46,   475.17
  355.41,   472.15,   600.17
  354.12,   471.85,   725.16
  354.22,   597.43,   475.45
  352.92,   597.13,   600.44
  351.63,   596.83,   725.44
  351.73,   722.41,   475.73
  350.43,   722.10,   600.72
  349.14,   721.80,   725.71
   97.82,   477.23,   599.01
   94.24,   480.08,   723.93
   90.66,   482.93,   848.84
   96.77,   602.19,   596.13
   93.19,   605.04,   721.05
   89.61,   607.89,   845.96
   95.73,   727.16,   593.25
   92.15,   730.00,   718.17
   88.56,   732.85,   843.09
  222.76,   478.36,   602.57
  219.18,   481.21,   727.49
  215.60,   484.05,   852.40
  221.72,   603.32,   599.69
  218.14,   606.17,   724.61
  214.55,   609.02,   849.52
  220.67,   728.28,   596.81
  217.09,   731.13,   721.73
  213.51,   733.98,   846.64
  347.71,   479.49,   606.13
  344.13,   482.33,   731.04
  340.54,   485.18,   855.96
  346.66,   604.45,   603.25
  343.08,   607.30,   728.16
  339.50,   610.14,   853.08
  345.62,   729.41,   600.37
  342.03,   732.26,   725.29
  338.45,   735.11,   850.20
  106.67,   599.00,    99.71
  105.22,   595.57,   224.66
  103.76,   592.15,   349.60
  106.31,   723.95,   103.13
  104.86,   720.52,   228.08
  103.40,   717.10,   353.02
  105.95,   848.90,   106.56
  104.49,   845.48,   231.50
  103.04,   842.05,   356.44
  231.67,   599.32,   101.18
  230.21,   595.89,   226.12
  228.76,   592.47,   351.07
  231.30,   724.27,   104.60
  229.85,   720.85,   229.54
  228.39,   717.42,   354.49
  230.94,   849.22,   108.02
  229.48,   845.80,   232.96
  228.03,   842.37,   357.91
  356.66,   599.64,   102.64
  355.20,   596.22,   227.59
  353.75,   592.79,   352.53
  356.29,   724.60,   106.06
  354.84,   721.17,   231.01
  353.38,   717.75,   355.95
  355.93,   849.55,   109.48
  354.47,   846.12,   234.43
  353.02,   842.70,   359.37
   97.36,   598.38,   226.30
   98.56,   596.05,   351.27
   99.75,   593.72,   476.25
  100.10,   723.32,   228.60
  101.29,   721.00,   353.57
  102.49,   718.67,   478.54
  102.84,   848.27,   230.90
  104.03,   845.95,   355.87
  105.22,   843.62,   480.84
  222.33,   595.66,   225.06
  223.52,   593.34,   350.03
  224.71,   591.01,   475.00
  225.07,   720.61,   227.36
  226.26,   718.29,   352.33
  227.45,   715.96,   477.30
  227.80,   845.56,   229.66
  228.99,   843.23,   354.63
  230.19,   840.91,   479.60
  347.29,   592.95,   223.81
  348.49,   590.62,   348.79
  349.68,   588.30,   473.76
  350.03,   717.90,   226.11
  351.22,   715.57,   351.09
  352.41,   713.25,   476.06
  352.77,   842.85,   228.41
  353.96,   840.52,   353.39
  355.15,   838.19,   478.36
  108.61,   598.70,   350.74
  105.84,   597.20,   475.70
  103.08,   595.70,   600.66
  110.17,   723.68,   352.27
  107.41,   722.18,   477.23
  104.64,   720.68,   602.19
  111.73,   848.66,   353.81
  108.97,   847.16,   478.77
  106.20,   845.66,   603.73
  233.57,   597.10,   353.48
  230.80,   595.60,   478.44
  228.04,   594.10,   603.40
  235.13,   722.08,   355.01
  232.37,   720.58,   479.98
  229.60,   719.08,   604.94
  236.69,   847.06,   356.55
  233.93,   845.57,   481.51
  231.16,   844.07,   606.47
  358.53,   595.51,   356.22
  355.76,   594.01,   481.18
  353.00,   592.51,   606.14
  360.09,   720.49,   357.76
  357.33,   718.99,   482.72
  354.56,   717.49,   607.68
  361.65,   845.47,   359.29
  358.89,   843.97,   484.25
  356.12,   842.47,   609.21
   93.35,   606.53,   480.14
   94.48,   605.19,   605.13
   95.61,   603.85,   730.12
   89.83,   731.48,   481.52
   90.96,   730.13,   606.50
   92.09,   728.79,   731.49
   86.32,   856.42,   482.89
   87.44,   855.08,   607.88
   88.57,   853.73,   732.87
  218.30,   610.06,   479.05
  219.42,   608.72,   604.04
  220.55,   607.38,   729.03
  214.78,   735.01,   480.43
  215.91,   733.66,   605.42
  217.03,   732.32,   730.40
  211.26,   859.95,   481.80
  212.39,   858.61,   606.79
  213.52,   857.26,   731.78
  343.24,   613.59,   477.96
  344.37,   612.25,   602.95
  345.50,   610.91,   727.94
  339.72,   738.54,   479.34
  340.85,   737.19,   604.33
  341.98,   735.85,   729.31
  336.21,   863.48,   480.71
  337.33,   862.14,   605.70
  338.46,   860.79,   730.69
  100.58,   601.20,   598.49
  100.65,   597.80,   723.44
  100.72,   594.39,   848.39
  102.47,   726.14,   601.89
  102.54,   722.74,   726.84
  102.61,   719.33,   851.80
  104.37,   851.08,   605.30
  104.44,   847.67,   730.25
  104.51,   844.27,   855.20
  225.56,   599.31,   598.37
  225.63,   595.90,   723.32
  225.70,   592.50,   848.27
  227.46,   724.25,   601.77
  227.53,   720.84,   726.72
  227.60,   717.44,   851.68
  229.36,   849.19,   605.18
  229.42,   845.78,   730.13
  229.49,   842.38,   855.08
  350.55,   597.42,   598.25
  350.62,   594.01,   723.20
  350.69,   590.60,   848.15
  352.45,   722.36,   601.65
  352.51,   718.95,   726.61
  352.58,   715.54,   851.56
  354.34,   847.30,   605.06
  354.41,   843.89,   730.01
  354.48,   840.48,   854.96
  238.20,   110.31,   101.56
  239.07,   105.96,   226.48
  239.94,   101.62,   351.40
  235.05,   235.19,   105.92
  235.93,   230.85,   230.84
  236.80,   226.51,   355.77
  231.91,   360.07,   110.29
  232.78,   355.73,   235.21
  233.65,   351.39,   360.13
  363.16,   113.48,   100.80
  364.03,   109.14,   225.72
  364.90,   104.80,   350.64
  360.01,   238.36,   105.16
  360.88,   234.02,   230.08
  361.76,   229.68,   355.00
  356.87,   363.25,   109.52
  357.74,   358.91,   234.44
  358.61,   354.56,   359.37
  488.11,   116.65,   100.04
  488.99,   112.31,   224.96
  489.86,   107.97,   349.88
  484.97,   241.54,   104.40
  485.84,   237.20,   229.32
  486.71,   232.85,   354.24
  481.82,   366.42,   108.76
  482.70,   362.08,   233.68
  483.57,   357.74,   358.60
  214.56,    93.88,   221.11
  212.83,    91.07,   346.06
  211.10,    88.26,   471.02
  215.39,   218.85,   223.93
  213.65,   216.04,   348.88
  211.92,   213.23,   473.84
  216.21,   343.81,   226.75
  214.48,   341.00,   351.71
  212.75,   338.19,   476.66
  339.55,    93.02,   222.82
  337.82,    90.21,   347.78
  336.08,    87.40,   472.73
  340.37,   217.98,   225.64
  338.64,   215.18,   350.60
  336.91,   212.37,   475.55
  341.20,   342.95,   228.46
  339.46,   340.14,   353.42
  337.73,   337.33,   478.38
  464.53,    92.16,   224.54
  462.80,    89.35,   349.49
  461.07,    86.54,   474.45
  465.36,   217.12,   227.36
  463.62,   214.31,   352.31
  461.89,   211.50,   477.27
  466.18,   342.09,   230.18
  464.45,   339.28,   355.13
  462.72,   336.47,   480.09
  229.63,    92.81,   351.09
  227.92,    96.82,   476.01
  226.20,   100.83,   600.94
  231.05,   217.74,   347.10
  229.34,   221.75,   472.03
  227.62,   225.76,   596.95
  232.47,   342.67,   343.11
  230.76,   346.68,   468.04
  229.04,   350.69,   592.96
  354.61,    91.45,   352.85
  352.90,    95.46,   477.78
  351.18,    99.47,   602.70
  356.03,   216.38,   348.86
  354.32,   220.39,   473.79
  352.60,   224.39,   598.71
  357.45,   341.31,   344.87
  355.74,   345.31,   469.80
  354.02,   349.32,   594.72
  479.59,    90.08,   354.61
  477.88,    94.09,   479.54
  476.16,    98.10,   604.46
  481.01,   215.01,   350.62
  479.30,   219.02,   475.55
  477.58,   223.03,   600.47
  482.43,   339.94,   346.64
  480.72,   343.95,   471.56
  479.00,   347.96,   596.48
  218.76,    95.12,   474.34
  215.88,    93.45,   599.30
  213.01,    91.77,   724.26
  214.32,   220.04,   475.92
  211.45,   218.36,   600.87
  208.57,   216.68,   725.83
  209.89,   344.95,   477.49
  207.01,   343.27,   602.45
  204.14,   341.59,   727.40
  343.65,    99.52,   477.28
  340.77,    97.84,   602.23
  337.90,    96.17,   727.19
  339.21,   224.43,   478.85
  336.34,   222.76,   603.81
  333.46,   221.08,   728.76
  334.78,   349.34,   480.42
  331.90,   347.67,   605.38
  329.03,   345.99,   730.34
  468.53,   103.92,   480.21
  465.66,   102.24,   605.16
  462.78,   100.56,   730.12
  464.10,   228.83,   481.78
  461.22,   227.15,   606.74
  458.35,   225.48,   731.69
  459.66,   353.74,   483.36
  456.79,   352.06,   608.31
  453.92,   350.39,   733.27
  230.63,    91.77,   598.72
  233.49,    89.73,   723.67
  236.35,    87.69,   848.62
  228.32,   216.73,   600.81
  231.18,   214.69,   725.76
  234.04,   212.65,   850.71
  226.01,   341.69,   602.90
  228.87,   339.65,   727.85
  231.72,   337.61,   852.81
  355.58,    94.13,   595.90
  358.44,    92.09,   720.85
  361.29,    90.05,   845.80
  353.27,   219.09,   597.99
  356.12,   217.05,   722.94
  358.98,   215.01,   847.89
  350.95,   344.05,   600.09
  353.81,   342.01,   725.04
  356.67,   339.97,   849.99
  480.53,    96.49,   593.08
  483.38,    94.45,   718.03
  486.24,    92.41,   842.98
  478.21,   221.45,   595.17
  481.07,   219.41,   720.13
  483.93,   217.37,   845.08
  475.90,   346.41,   597.27
  478.76,   344.37,   722.22
  481.61,   342.33,   847.17
  223.97,   240.52,   103.79
  222.28,   241.91,   228.77
  220.59,   243.30,   353.75
  225.59,   365.51,   102.43
  223.90,   366.89,   227.41
  222.21,   368.28,   352.39
  227.21,   490.49,   101.06
  225.52,   491.87,   226.05
  223.82,   493.26,   351.03
  348.95,   238.92,   105.50
  347.26,   240.31,   230.48
  345.56,   241.70,   355.47
  350.57,   363.91,   104.14
  348.88,   365.29,   229.12
  347.18,   366.68,   354.10
  352.19,   488.89,   102.78
  350.50,   490.27,   227.76
  348.80,   491.66,   352.74
  473.93,   237.32,   107.21
  472.24,   238.71,   232.20
  470.54,   240.10,   357.18
  475.55,   362.30,   105.85
  473.86,   363.69,   230.83
  472.16,   365.08,   355.81
  477.17,   487.29,   104.49
  475.47,   488.67,   229.47
  473.78,   490.06,   354.45
  235.25,   211.65,   226.09
  237.33,   211.66,   351.07
  239.40,   211.68,   476.05
  237.31,   336.63,   226.04
  239.38,   336.64,   351.02
  241.46,   336.66,   476.00
  239.36,   461.61,   225.99
  241.44,   461.63,   350.97
  243.51,   461.64,   475.95
  360.22,   209.59,   224.01
  362.29,   209.60,   349.00
  364.37,   209.62,   473.98
  362.27,   334.57,   223.96
  364.35,   334.59,   348.95
  366.42,   334.60,   473.93
  364.33,   459.55,   223.91
  366.41,   459.57,   348.90
  368.48,   459.59,   473.88
  485.18,   207.53,   221.94
  487.26,   207.55,   346.92
  489.33,   207.56,   471.90
  487.24,   332.51,   221.89
  489.31,   332.53,   346.87
  491.39,   332.55,   471.85
  489.30,   457.50,   221.84
  491.37,   457.51,   346.82
  493.45,   457.53,   471.80
  214.90,   225.25,   349.44
  212.54,   222.29,   474.38
  210.18,   219.33,   599.32
  216.02,   350.21,   352.42
  213.65,   347.25,   477.36
  211.29,   344.29,   602.30
  217.13,   475.17,   355.40
  214.77,   472.21,   480.34
  212.41,   469.25,   605.28
  339.87,   224.08,   351.77
  337.51,   221.12,   476.71
  335.15,   218.16,   601.66
  340.99,   349.04,   354.75
  338.63,   346.08,   479.69
  336.27,   343.12,   604.64
  342.10,   474.00,   357.73
  339.74,   471.04,   482.67
  337.38,   468.08,   607.62
  464.85,   222.91,   354.11
  462.48,   219.95,   479.05
  460.12,   216.99,   603.99
  465.96,   347.87,   357.09
  463.60,   344.91,   482.03
  461.24,   341.95,   606.97
  467.08,   472.83,   360.07
  464.71,   469.87,   485.01
  462.35,   466.91,   609.95
  218.72,   229.63,   475.53
  219.91,   229.64,   600.53
  221.10,   229.64,   725.52
  219.10,   354.63,   475.53
  220.30,   354.64,   600.52
  221.49,   354.64,   725.51
  219.49,   479.63,   475.52
  220.69,   479.64,   600.51
  221.88,   479.64,   725.51
  343.71,   229.25,   474.34
  344.90,   229.25,   599.33
  346.10,   229.25,   724.33
  344.10,   354.24,   474.33
  345.29,   354.25,   599.33
  346.48,   354.25,   724.32
  344.49,   479.24,   474.33
  345.68,   479.25,   599.32
  346.87,   479.25,   724.31
  468.70,   228.86,   473.15
  469.90,   228.86,   598.14
  471.09,   228.86,   723.14
  469.09,   353.86,   473.14
  470.29,   353.86,   598.13
  471.48,   353.86,   723.13
  469.48,   478.86,   473.13
  470.67,   478.86,   598.13
  471.87,   478.86,   723.12
  217.40,   231.85,   601.29
  214.56,   232.25,   726.26
  211.72,   232.64,   851.23
  218.55,   356.84,   600.92
  215.71,   357.24,   725.89
  212.87,   357.64,   850.86
  219.70,   481.83,   600.55
  216.86,   482.23,   725.52
  214.03,   482.63,   850.48
  342.36,   230.70,   604.14
  339.52,   231.10,   729.10
  336.68,   231.50,   854.07
  343.51,   355.70,   603.76
  340.67,   356.10,   728.73
  337.84,   356.49,   853.70
  344.66,   480.69,   603.39
  341.83,   481.09,   728.36
  338.99,   481.49,   853.32
  467.32,   229.56,   606.98
  464.48,   229.96,   731.95
  461.65,   230.36,   856.91
  468.47,   354.55,   606.61
  465.64,   354.95,   731.57
  462.80,   355.35,   856.54
  469.63,   479.55,   606.23
  466.79,   479.95,   731.20
  463.95,   480.35,   856.17
  226.68,   344.05,    99.32
  222.91,   347.68,   224.21
  219.13,   351.32,   349.10
  224.34,   468.97,    95.61
  220.56,   472.60,   220.50
  216.78,   476.24,   345.39
  221.99,   593.89,    91.91
  218.21,   597.53,   216.80
  214.43,   601.16,   341.69
  351.61,   346.50,   103.03
  347.83,   350.14,   227.92
  344.05,   353.77,   352.81
  349.26,   471.43,    99.32
  345.48,   475.06,   224.21
  341.70,   478.70,   349.10
  346.91,   596.35,    95.62
  343.13,   599.98,   220.51
  339.35,   603.62,   345.40
  476.53,   348.96,   106.74
  472.75,   352.60,   231.63
  468.97,   356.23,   356.52
  474.18,   473.88,   103.03
  470.40,   477.52,   227.92
  466.62,   481.15,   352.81
  471.83,   598.81,    99.32
  468.05,   602.44,   224.21
  464.27,   606.08,   349.10
  221.56,   360.69,   225.28
  222.06,   362.79,   350.26
  222.55,   364.90,   475.24
  223.77,   485.65,   223.17
  224.26,   487.76,   348.15
  224.76,   489.86,   473.13
  225.98,   610.62,   221.06
  226.47,   612.72,   346.04
  226.97,   614.82,   471.02
  346.54,   358.47,   224.82
  347.04,   360.58,   349.80
  347.53,   362.68,   474.78
  348.75,   483.44,   222.71
  349.24,   485.54,   347.69
  349.74,   487.64,   472.67
  350.96,   608.40,   220.60
  351.45,   610.50,   345.58
  351.95,   612.61,   470.56
  471.52,   356.26,   224.36
  472.02,   358.36,   349.35
  472.51,   360.47,   474.33
  473.73,   481.22,   222.25
  474.22,   483.32,   347.23
  474.72,   485.43,   472.22
  475.94,   606.18,   220.14
  476.43,   608.29,   345.12
  476.93,   610.39,   470.10
  216.10,   358.83,   350.16
  213.90,   360.37,   475.13
  211.70,   361.91,   600.10
  219.27,   483.78,   348.68
  217.07,   485.32,   473.65
  214.87,   486.86,   598.62
  222.45,   608.74,   347.20
  220.25,   610.27,   472.17
  218.05,   611.81,   597.14
  341.04,   355.69,   352.40
  338.84,   357.22,   477.37
  336.64,   358.76,   602.34
  344.21,   480.64,   350.92
  342.01,   482.17,   475.89
  339.81,   483.71,   600.86
  347.39,   605.59,   349.44
  345.19,   607.12,   474.41
  342.99,   608.66,   599.38
  465.98,   352.54,   354.64
  463.78,   354.07,   479.61
  461.58,   355.61,   604.58
  469.15,   477.49,   353.16
  466.95,   479.03,   478.13
  464.75,   480.56,   603.10
  472.33,   602.44,   351.68
  470.13,   603.98,   476.65
  467.93,   605.51,   601.62
  224.70,   347.82,   473.90
  224.48,   346.01,   598.88
  224.26,   344.19,   723.87
  223.16,   472.80,   475.71
  222.94,   470.99,   600.70
  222.72,   469.17,   725.68
  221.62,   597.78,   477.52
  221.40,   595.96,   602.51
  221.18,   594.15,   727.49
  349.69,   349.36,   474.14
  349.47,   347.55,   599.12
  349.25,   345.73,   724.11
  348.15,   474.34,   475.95
  347.93,   472.52,   600.93
  347.71,   470.71,   725.92
  346.61,   599.31,   477.76
  346.39,   597.50,   602.75
  346.17,   595.69,   727.73
  474.68,   350.90,   474.38
  474.46,   349.08,   599.36
  474.24,   347.27,   724.35
  473.14,   475.87,   476.19
  472.92,   474.06,   601.17
  472.70,   472.24,   726.16
  471.60,   600.85,   478.00
  471.38,   599.04,   602.99
  471.17,   597.22,   727.97
  229.24,   346.80,   597.54
  230.42,   347.49,   722.53
  231.60,   348.19,   847.53
  227.87,   471.79,   596.86
  229.05,   472.49,   721.85
  230.23,   473.18,   846.84
  226.49,   596.78,   596.17
  227.67,   597.48,   721.16
  228.85,   598.17,   846.16
  354.23,   348.17,   596.35
  355.41,   348.86,   721.35
  356.59,   349.56,   846.34
  352.85,   473.16,   595.67
  354.03,   473.85,   720.66
  355.21,   474.55,   845.65
  351.48,   598.15,   594.98
  352.66,   598.84,   719.98
  353.84,   599.54,   844.97
  479.22,   349.54,   595.17
  480.40,   350.23,   720.16
  481.58,   350.93,   845.15
  477.84,   474.53,   594.48
  479.02,   475.22,   719.47
  480.20,   475.92,   844.47
  476.47,   599.52,   593.80
  477.65,   600.21,   718.79
  478.83,   600.91,   843.78
  228.79,   480.37,   103.11
  225.73,   479.66,   228.07
  222.67,   478.95,   353.03
  224.65,   605.30,   103.72
  221.59,   604.59,   228.68
  218.53,   603.88,   353.64
  220.50,   730.23,   104.33
  217.44,   729.52,   229.29
  214.38,   728.81,   354.25
  353.69,   484.50,   106.19
  350.63,   483.79,   231.15
  347.57,   483.08,   356.11
  349.54,   609.43,   106.80
  346.48,   608.72,   231.76
  343.42,   608.01,   356.72
  345.39,   734.36,   107.41
  342.33,   733.65,   232.37
  339.27,   732.94,   357.33
  478.58,   488.63,   109.27
  475.52,   487.92,   234.23
  472.46,   487.21,   359.19
  474.43,   613.56,   109.88
  471.37,   612.85,   234.84
  468.31,   612.14,   359.80
  470.29,   738.49,   110.49
  467.23,   737.78,   235.45
  464.17,   737.07,   360.41
  230.06,   477.42,   225.50
  226.77,   477.96,   350.46
  223.47,   478.49,   475.41
  232.50,   602.39,   225.03
  229.20,   602.93,   349.98
  225.90,   603.47,   474.94
  234.94,   727.37,   224.55
  231.64,   727.91,   349.51
  228.34,   728.44,   474.46
  355.00,   475.00,   228.81
  351.70,   475.53,   353.76
  348.40,   476.07,   478.72
  357.43,   599.97,   228.33
  354.13,   600.51,   353.29
  350.84,   601.05,   478.25
  359.87,   724.95,   227.86
  356.57,   725.48,   352.82
  353.27,   726.02,   477.77
  479.93,   472.57,   232.12
  476.63,   473.11,   357.07
  473.33,   473.65,   482.03
  482.37,   597.55,   231.64
  479.07,   598.09,   356.60
  475.77,   598.62,   481.55
  484.80,   722.52,   231.17
  481.50,   723.06,   356.12
  478.21,   723.60,   481.08
  220.61,   481.43,   351.01
  219.49,   482.19,   476.00
  218.38,   482.94,   601.00
  223.93,   606.39,   350.29
  222.81,   607.14,   475.28
  221.69,   607.90,   600.27
  227.24,   731.34,   349.56
  226.12,   732.10,   474.55
  225.00,   732.85,   599.55
  345.56,   478.13,   352.15
  344.45,   478.88,   477.14
  343.33,   479.64,   602.13
  348.88,   603.08,   351.42
  347.76,   603.84,   476.42
  346.64,   604.59,   601.41
  352.19,   728.04,   350.70
  351.07,   728.79,   475.69
  349.96,   729.55,   600.68
  470.51,   474.82,   353.29
  469.40,   475.58,   478.28
  468.28,   476.33,   603.27
  473.83,   599.77,   352.56
  472.71,   600.53,   477.55
  471.59,   601.28,   602.55
  477.14,   724.73,   351.84
  476.02,   725.48,   476.83
  474.91,   726.24,   601.82
  218.76,   486.82,   479.67
  216.61,   482.48,   604.57
  214.46,   478.13,   729.48
  217.73,   611.74,   483.99
  215.58,   607.40,   608.90
  213.43,   603.06,   733.80
  216.70,   736.66,   488.32
  214.55,   732.32,   613.22
  212.40,   727.98,   738.13
  343.74,   487.77,   481.85
  341.59,   483.43,   606.76
  339.44,   479.09,   731.66
  342.71,   612.70,   486.17
  340.56,   608.35,   611.08
  338.41,   604.01,   735.99
  341.68,   737.62,   490.50
  339.53,   733.27,   615.41
  337.38,   728.93,   740.31
  468.71,   488.73,   484.03
  466.56,   484.39,   608.94
  464.41,   480.04,   733.85
  467.68,   613.65,   488.36
  465.53,   609.31,   613.26
  463.38,   604.96,   738.17
  466.65,   738.57,   492.68
  464.51,   734.23,   617.59
  462.36,   729.88,   742.50
  221.51,   476.87,   599.77
  221.22,   472.88,   724.70
  220.93,   468.88,   849.64
  219.30,   601.78,   603.75
  219.01,   597.79,   728.69
  218.72,   593.80,   853.63
  217.09,   726.70,   607.74
  216.79,   722.71,   732.68
  216.50,   718.72,   857.61
  346.49,   479.07,   600.13
  346.20,   475.08,   725.06
  345.91,   471.08,   850.00
  344.28,   603.99,   604.11
  343.99,   599.99,   729.05
  343.70,   596.00,   853.99
  342.07,   728.90,   608.10
  341.77,   724.91,   733.04
  341.48,   720.92,   857.97
  471.47,   481.27,   600.49
  471.18,   477.28,   725.43
  470.89,   473.29,   850.36
  469.26,   606.19,   604.48
  468.97,   602.20,   729.41
  468.68,   598.20,   854.35
  467.05,   731.10,   608.46
  466.75,   727.11,   733.40
  466.46,   723.12,   858.33
  216.68,   593.32,    93.40
  216.36,   596.20,   218.37
  216.04,   599.08,   343.34
  217.27,   718.28,    90.52
  216.95,   721.16,   215.49
  216.63,   724.04,   340.46
  217.85,   843.25,    87.65
  217.54,   846.13,   212.61
  217.22,   849.01,   337.58
  341.68,   592.74,    93.73
  341.36,   595.62,   218.70
  341.04,   598.50,   343.67
  342.26,   717.70,    90.85
  341.95,   720.58,   215.82
  341.63,   723.46,   340.79
  342.85,   842.67,    87.98
  342.53,   845.55,   212.94
  342.22,   848.43,   337.91
  466.68,   592.16,    94.06
  466.36,   595.04,   219.03
  466.04,   597.92,   344.00
  467.26,   717.12,    91.19
  466.95,   720.00,   216.15
  466.63,   722.88,   341.12
  467.85,   842.09,    88.31
  467.53,   844.97,   213.27
  467.22,   847.85,   338.24
  216.77,   607.00,   229.04
  220.48,   602.61,   353.90
  224.19,   598.22,   478.77
  219.20,   731.90,   233.36
  222.90,   727.51,   358.22
  226.61,   723.12,   483.09
  221.62,   856.81,   237.68
  225.33,   852.41,   362.54
  229.04,   848.02,   487.41
  341.70,   604.71,   225.24
  345.41,   600.32,   350.11
  349.12,   595.93,   474.98
  344.12,   729.61,   229.56
  347.83,   725.22,   354.43
  351.54,   720.83,   479.30
  346.54,   854.52,   233.88
  350.25,   850.12,   358.75
  353.96,   845.73,   483.62
  466.62,   602.42,   221.45
  470.33,   598.03,   346.32
  474.04,   593.64,   471.19
  469.04,   727.32,   225.77
  472.75,   722.93,   350.64
  476.46,   718.54,   475.51
  471.46,   852.23,   230.09
  475.17,   847.84,   354.96
  478.88,   843.44,   479.83
  223.82,   597.79,   350.79
  226.43,   597.89,   475.76
  229.04,   597.99,   600.73
  220.69,   722.75,   350.75
  223.30,   722.85,   475.72
  225.91,   722.95,   600.70
  217.56,   847.71,   350.72
  220.17,   847.81,   475.69
  222.78,   847.91,   600.66
  348.75,   600.92,   348.17
  351.37,   601.02,   473.14
  353.98,   601.12,   598.12
  345.62,   725.88,   348.14
  348.23,   725.98,   473.11
  350.85,   726.08,   598.08
  342.49,   850.84,   348.10
  345.10,   850.94,   473.08
  347.71,   851.04,   598.05
  473.69,   604.05,   345.56
  476.30,   604.15,   470.53
  478.91,   604.25,   595.50
  470.55,   729.01,   345.52
  473.17,   729.11,   470.50
  475.78,   729.21,   595.47
  467.42,   853.97,   345.49
  470.04,   854.07,   470.46
  472.65,   854.17,   595.43
  220.14,   603.88,   475.04
  220.85,   604.35,   600.04
  221.56,   604.83,   725.04
  222.56,   728.85,   474.55
  223.27,   729.33,   599.55
  223.99,   729.80,   724.55
  224.98,   853.83,   474.06
  225.70,   854.30,   599.06
  226.41,   854.78,   724.06
  345.12,   601.45,   474.34
  345.83,   601.93,   599.34
  346.54,   602.41,   724.33
  347.54,   726.43,   473.85
  348.25,   726.91,   598.85
  348.96,   727.38,   723.84
  349.96,   851.41,   473.36
  350.67,   851.88,   598.36
  351.38,   852.36,   723.36
  470.09,   599.03,   473.64
  470.80,   599.51,   598.63
  471.51,   599.98,   723.63
  472.51,   724.01,   473.15
  473.22,   724.48,   598.15
  473.93,   724.96,   723.14
  474.93,   848.98,   472.66
  475.64,   849.46,   597.66
  476.36,   849.93,   722.65
  221.28,   592.79,   593.17
  222.29,   594.99,   718.15
  223.30,   597.18,   843.12
  219.69,   717.76,   590.99
  220.70,   719.96,   715.96
  221.71,   722.15,   840.94
  218.10,   842.73,   588.80
  219.11,   844.93,   713.78
  220.12,   847.12,   838.76
  346.27,   594.37,   592.13
  347.28,   596.56,   717.11
  348.29,   598.76,   842.08
  344.68,   719.34,   589.95
  345.69,   721.53,   714.92
  346.70,   723.73,   839.90
  343.08,   844.31,   587.77
  344.09,   846.50,   712.74
  345.11,   848.70,   837.72
  471.25,   595.94,   591.09
  472.26,   598.13,   716.07
  473.27,   600.33,   841.04
  469.66,   720.91,   588.91
  470.67,   723.11,   713.89
  471.68,   725.30,   838.86
  468.07,   845.88,   586.73
  469.08,   848.08,   711.70
  470.09,   850.27,   836.68
  339.70,    98.11,    99.00
  344.50,    98.72,   223.91
  349.31,    99.32,   348.81
  342.44,   223.08,    98.29
  347.24,   223.68,   223.20
  352.04,   224.29,   348.11
  345.17,   348.05,    97.59
  349.98,   348.65,   222.49
  354.78,   349.25,   347.40
  464.58,    95.35,    94.21
  469.38,    95.95,   219.12
  474.18,    96.56,   344.02
  467.32,   220.32,    93.50
  472.12,   220.92,   218.41
  476.92,   221.52,   343.32
  470.05,   345.29,    92.80
  474.85,   345.89,   217.70
  479.66,   346.49,   342.61
  589.46,    92.59,    89.42
  594.26,    93.19,   214.33
  599.06,    93.80,   339.24
  592.19,   217.56,    88.72
  597.00,   218.16,   213.62
  601.80,   218.76,   338.53
  594.93,   342.53,    88.01
  599.73,   343.13,   212.92
  604.53,   343.73,   337.82
  352.53,    98.64,   225.66
  353.33,    96.37,   350.63
  354.14,    94.09,   475.61
  356.08,   223.57,   227.91
  356.89,   221.30,   352.88
  357.69,   219.02,   477.86
  359.63,   348.50,   230.15
  360.44,   346.22,   355.13
  361.25,   343.95,   480.11
  477.47,    95.10,   224.79
  478.28,    92.83,   349.76
  479.09,    90.56,   474.74
  481.03,   220.03,   227.03
  481.83,   217.76,   352.01
  482.64,   215.49,   476.99
  484.58,   344.96,   229.28
  485.39,   342.69,   354.26
  486.19,   340.41,   479.24
  602.42,    91.56,   223.91
  603.23,    89.29,   348.89
  604.03,    87.02,   473.87
  605.97,   216.49,   226.16
  606.78,   214.22,   351.14
  607.59,   211.95,   476.12
  609.53,   341.42,   228.41
  610.33,   339.15,   353.39
  611.14,   336.88,   478.36
  346.81,   100.13,   349.20
  347.70,    97.22,   474.16
  348.58,    94.32,   599.12
  345.12,   225.08,   352.11
  346.01,   222.18,   477.08
  346.89,   219.27,   602.04
  343.44,   350.04,   355.03
  344.32,   347.13,   479.99
  345.20,   344.23,   604.96
  471.80,   101.84,   348.35
  472.68,    98.93,   473.32
  473.56,    96.03,   598.28
  470.11,   226.79,   351.27
  470.99,   223.89,   476.23
  471.88,   220.98,   601.19
  468.42,   351.74,   354.18
  469.30,   348.84,   479.15
  470.19,   345.94,   604.11
  596.78,   103.54,   347.51
  597.67,   100.64,   472.47
  598.55,    97.73,   597.43
  595.09,   228.50,   350.42
  595.98,   225.59,   475.39
  596.86,   222.69,   600.35
  593.41,   353.45,   353.34
  594.29,   350.55,   478.30
  595.17,   347.64,   603.27
  343.84,   105.05,   474.90
  344.80,   105.43,   599.89
  345.76,   105.81,   724.89
  346.90,   230.01,   474.49
  347.86,   230.39,   599.49
  348.82,   230.78,   724.48
  349.97,   354.98,   474.09
  350.93,   355.36,   599.08
  351.89,   355.74,   724.08
  468.80,   101.98,   473.95
  469.76,   102.37,   598.94
  470.72,   102.75,   723.94
  471.86,   226.95,   473.54
  472.82,   227.33,   598.54
  473.78,   227.71,   723.53
  474.93,   351.91,   473.14
  475.89,   352.29,   598.13
  476.85,   352.67,   723.13
  593.76,    98.92,   473.00
  594.72,    99.30,   597.99
  595.68,    99.68,   722.99
  596.82,   223.88,   472.59
  597.78,   224.26,   597.59
  598.74,   224.64,   722.58
  599.89,   348.84,   472.19
  600.85,   349.22,   597.18
  601.81,   349.60,   722.18
  348.83,   107.37,   601.00
  346.30,   103.77,   725.92
  343.77,   100.18,   850.85
  346.89,   232.30,   604.56
  344.36,   228.70,   729.48
  341.82,   225.11,   854.40
  344.95,   357.23,   608.11
  342.41,   353.64,   733.04
  339.88,   350.04,   857.96
  473.79,   109.24,   603.59
  471.26,   105.64,   728.51
  468.72,   102.04,   853.43
  471.85,   234.17,   607.14
  469.31,   230.57,   732.07
  466.78,   226.98,   856.99
  469.90,   359.10,   610.70
  467.37,   355.51,   735.62
  464.84,   351.91,   860.55
  598.75,   111.10,   606.17
  596.22,   107.51,   731.10
  593.68,   103.91,   856.02
  596.81,   236.04,   609.73
  594.27,   232.44,   734.65
  591.74,   228.85,   859.58
  594.86,   360.97,   613.29
  592.33,   357.38,   738.21
  589.80,   353.78,   863.13
  355.06,   226.88,   102.14
  357.06,   226.35,   227.13
  359.06,   225.82,   352.11
  354.62,   351.88,   102.68
  356.62,   351.35,   227.66
  358.62,   350.82,   352.65
  354.19,   476.88,   103.22
  356.19,   476.35,   228.20
  358.19,   475.82,   353.18
  480.04,   227.33,   100.15
  482.04,   226.80,   225.13
  484.04,   226.27,   350.11
  479.61,   352.32,   100.68
  481.61,   351.79,   225.66
  483.61,   351.26,   350.65
  479.17,   477.32,   101.22
  481.17,   476.79,   226.20
  483.17,   476.26,   351.18
  605.03,   227.77,    98.15
  607.03,   227.24,   223.13
  609.03,   226.71,   348.11
  604.59,   352.77,    98.68
  606.59,   352.24,   223.67
  608.59,   351.71,   348.65
  604.16,   477.77,    99.22
  606.16,   477.24,   224.20
  608.15,   476.71,   349.19
  353.29,   231.30,   226.88
  353.68,   229.54,   351.86
  354.07,   227.79,   476.85
  351.59,   356.27,   228.64
  351.98,   354.52,   353.62
  352.37,   352.76,   478.61
  349.90,   481.25,   230.40
  350.29,   479.49,   355.38
  350.67,   477.74,   480.37
  478.28,   233.00,   226.51
  478.67,   231.24,   351.50
  479.05,   229.49,   476.49
  476.58,   357.97,   228.27
  476.97,   356.22,   353.26
  477.36,   354.47,   478.25
  474.89,   482.95,   230.03
  475.27,   481.20,   355.02
  475.66,   479.44,   480.00
  603.27,   234.70,   226.15
  603.65,   232.95,   351.13
  604.04,   231.19,   476.12
  601.57,   359.68,   227.91
  601.96,   357.92,   352.89
  602.35,   356.17,   477.88
  599.87,   484.65,   229.67
  600.26,   482.90,   354.65
  600.65,   481.14,   479.64
  344.83,   217.06,   346.92
  347.73,   217.14,   471.88
  350.64,   217.22,   596.85
  344.80,   342.06,   346.84
  347.70,   342.14,   471.80
  350.61,   342.22,   596.77
  344.77,   467.06,   346.76
  347.67,   467.14,   471.72
  350.58,   467.22,   596.69
  469.79,   217.09,   344.01
  472.70,   217.17,   468.98
  475.61,   217.25,   593.94
  469.76,   342.09,   343.93
  472.67,   342.17,   468.90
  475.58,   342.25,   593.86
  469.73,   467.09,   343.85
  472.64,   467.17,   468.82
  475.55,   467.25,   593.79
  594.76,   217.11,   341.10
  597.67,   217.19,   466.07
  600.57,   217.27,   591.04
  594.73,   342.11,   341.03
  597.64,   342.19,   465.99
  600.54,   342.27,   590.96
  594.70,   467.11,   340.95
  597.61,   467.19,   465.91
  600.51,   467.27,   590.88
  341.14,   223.75,   471.40
  340.39,   221.03,   596.37
  339.63,   218.32,   721.33
  341.67,   348.72,   474.11
  340.92,   346.00,   599.08
  340.16,   343.29,   724.05
  342.20,   473.68,   476.83
  341.45,   470.97,   601.80
  340.70,   468.26,   726.77
  466.13,   223.20,   472.14
  465.38,   220.49,   597.11
  464.63,   217.77,   722.07
  466.66,   348.17,   474.85
  465.91,   345.46,   599.82
  465.16,   342.74,   724.79
  467.20,   473.14,   477.57
  466.44,   470.42,   602.54
  465.69,   467.71,   727.51
  591.13,   222.65,   472.88
  590.38,   219.94,   597.85
  589.63,   217.23,   722.81
  591.66,   347.62,   475.59
  590.91,   344.91,   600.56
  590.16,   342.20,   725.53
  592.19,   472.59,   478.31
  591.44,   469.88,   603.28
  590.69,   467.16,   728.25
  352.28,   221.47,   600.17
  349.63,   225.60,   725.07
  346.97,   229.73,   849.98
  350.71,   346.39,   596.01
  348.05,   350.52,   720.91
  345.40,   354.65,   845.82
  349.14,   471.32,   591.85
  346.48,   475.44,   716.75
  343.82,   479.57,   841.66
  477.25,   223.13,   602.77
  474.59,   227.26,   727.68
  471.93,   231.39,   852.58
  475.67,   348.05,   598.61
  473.02,   352.18,   723.52
  470.36,   356.31,   848.42
  474.10,   472.98,   594.45
  471.44,   477.10,   719.36
  468.79,   481.23,   844.26
  602.21,   224.79,   605.38
  599.55,   228.92,   730.28
  596.89,   233.05,   855.19
  600.64,   349.71,   601.22
  597.98,   353.84,   726.12
  595.32,   357.97,   851.02
  599.06,   474.64,   597.06
  596.41,   478.76,   721.96
  593.75,   482.89,   846.86
  357.76,   353.16,   101.97
  360.37,   353.30,   226.95
  362.97,   353.44,   351.92
  360.38,   478.13,   101.78
  362.98,   478.27,   226.75
  365.59,   478.41,   351.73
  363.00,   603.10,   101.59
  365.60,   603.24,   226.56
  368.20,   603.38,   351.53
  482.71,   350.54,    99.37
  485.31,   350.68,   224.35
  487.92,   350.82,   349.32
  485.33,   475.51,    99.18
  487.93,   475.65,   224.15
  490.53,   475.79,   349.13
  487.94,   600.48,    98.99
  490.55,   600.62,   223.96
  493.15,   600.76,   348.93
  607.65,   347.92,    96.77
  610.26,   348.06,   221.75
  612.86,   348.20,   346.72
  610.27,   472.89,    96.58
  612.87,   473.03,   221.55
  615.48,   473.17,   346.53
  612.89,   597.86,    96.39
  615.49,   598.00,   221.36
  618.09,   598.14,   346.33
  343.08,   341.70,   220.30
  346.55,   343.01,   345.25
  350.01,   344.33,   470.19
  346.92,   466.63,   218.88
  350.39,   467.95,   343.82
  353.85,   469.26,   468.77
  350.76,   591.56,   217.46
  354.23,   592.88,   342.40
  357.69,   594.20,   467.35
  467.98,   337.82,   216.88
  471.44,   339.14,   341.83
  474.90,   340.45,   466.77
  471.82,   462.75,   215.46
  475.28,   464.07,   340.40
  478.74,   465.39,   465.35
  475.66,   587.69,   214.04
  479.12,   589.00,   338.98
  482.58,   590.32,   463.93
  592.87,   333.94,   213.46
  596.33,   335.26,   338.41
  599.79,   336.57,   463.35
  596.71,   458.87,   212.04
  600.17,   460.19,   336.99
  603.63,   461.51,   461.93
  600.55,   583.81,   210.62
  604.01,   585.12,   335.56
  607.47,   586.44,   460.51
  341.55,   340.50,   344.99
  343.18,   340.90,   469.98
  344.81,   341.30,   594.97
  337.77,   465.44,   344.64
  339.40,   465.84,   469.63
  341.03,   466.24,   594.62
  333.99,   590.38,   344.29
  335.62,   590.78,   469.28
  337.25,   591.18,   594.27
  466.49,   344.27,   343.35
  468.12,   344.67,   468.34
  469.75,   345.07,   593.32
  462.70,   469.22,   343.00
  464.33,   469.62,   467.99
  465.97,   470.01,   592.98
  458.92,   594.16,   342.65
  460.55,   594.56,   467.64
  462.18,   594.96,   592.63
  591.42,   348.05,   341.71
  593.05,   348.45,   466.69
  594.68,   348.85,   591.68
  587.64,   472.99,   341.36
  589.27,   473.39,   466.35
  590.90,   473.79,   591.33
  583.85,   597.94,   341.01
  585.49,   598.34,   466.00
  587.12,   598.73,   590.98
  340.95,   344.74,   471.45
  340.36,   348.55,   596.39
  339.77,   352.36,   721.33
  343.25,   469.66,   467.65
  342.66,   473.47,   592.59
  342.07,   477.28,   717.53
  345.55,   594.58,   463.85
  344.96,   598.39,   588.79
  344.37,   602.20,   713.74
  465.93,   342.46,   472.11
  465.34,   346.27,   597.05
  464.75,   350.08,   721.99
  468.23,   467.38,   468.31
  467.64,   471.19,   593.25
  467.05,   475.00,   718.19
  470.53,   592.30,   464.51
  469.94,   596.11,   589.45
  469.35,   599.92,   714.40
  590.91,   340.18,   472.77
  590.32,   343.99,   597.71
  589.73,   347.80,   722.65
  593.21,   465.10,   468.97
  592.62,   468.91,   593.91
  592.03,   472.72,   718.85
  595.51,   590.02,   465.17
  594.92,   593.83,   590.11
  594.33,   597.64,   715.06
  359.97,   356.36,   605.67
  355.80,   356.01,   730.60
  351.64,   355.65,   855.53
  362.18,   481.34,   606.10
  358.01,   480.99,   731.03
  353.85,   480.63,   855.96
  364.39,   606.32,   606.53
  360.22,   605.97,   731.46
  356.06,   605.61,   856.39
  484.88,   354.14,   609.82
  480.71,   353.79,   734.75
  476.55,   353.43,   859.68
  487.09,   479.12,   610.25
  482.92,   478.77,   735.18
  478.76,   478.41,   860.11
  489.30,   604.10,   610.68
  485.13,   603.75,   735.61
  480.97,   603.39,   860.54
  609.79,   351.92,   613.98
  605.62,   351.56,   738.91
  601.46,   351.21,   863.84
  612.00,   476.90,   614.41
  607.83,   476.54,   739.34
  603.67,   476.19,   864.27
  614.21,   601.88,   614.84
  610.04,   601.52,   739.77
  605.88,   601.17,   864.70
  344.99,   476.03,   100.20
  345.66,   478.69,   225.17
  346.34,   481.36,   350.14
  349.05,   600.93,    97.51
  349.72,   603.60,   222.48
  350.40,   606.26,   347.45
  353.11,   725.84,    94.82
  353.78,   728.50,   219.79
  354.46,   731.17,   344.76
  469.92,   471.95,    99.61
  470.60,   474.62,   224.58
  471.27,   477.28,   349.55
  473.98,   596.86,    96.92
  474.66,   599.52,   221.89
  475.33,   602.19,   346.86
  478.04,   721.76,    94.24
  478.72,   724.43,   219.21
  479.39,   727.09,   344.18
  594.86,   467.88,    99.02
  595.53,   470.54,   223.99
  596.20,   473.21,   348.96
  598.91,   592.78,    96.34
  599.59,   595.45,   221.31
  600.26,   598.12,   346.28
  602.97,   717.69,    93.65
  603.65,   720.36,   218.62
  604.32,   723.02,   343.59
  346.01,   469.91,   221.08
  348.80,   469.66,   346.05
  351.59,   469.40,   471.02
  346.81,   594.91,   221.32
  349.60,   594.65,   346.29
  352.39,   594.40,   471.25
  347.60,   719.91,   221.56
  350.39,   719.65,   346.52
  353.18,   719.39,   471.49
  470.98,   469.12,   218.29
  473.77,   468.86,   343.26
  476.56,   468.61,   468.22
  471.77,   594.12,   218.53
  474.56,   593.86,   343.49
  477.35,   593.61,   468.46
  472.57,   719.11,   218.76
  475.36,   718.86,   343.73
  478.15,   718.60,   468.70
  595.94,   468.33,   215.50
  598.73,   468.07,   340.46
  601.52,   467.82,   465.43
  596.74,   593.33,   215.73
  599.53,   593.07,   340.70
  602.32,   592.82,   465.67
  597.53,   718.32,   215.97
  600.32,   718.07,   340.94
  603.12,   717.81,   465.91
  338.85,   479.81,   347.87
  340.16,   480.91,   472.85
  341.47,   482.02,   597.84
  337.20,   604.79,   346.78
  338.51,   605.90,   471.77
  339.82,   607.00,   596.75
  335.55,   729.78,   345.69
  336.86,   730.88,   470.68
  338.17,   731.99,   595.67
  463.84,   481.45,   346.54
  465.14,   482.55,   471.53
  466.45,   483.66,   596.52
  462.19,   606.43,   345.45
  463.49,   607.54,   470.44
  464.80,   608.64,   595.43
  460.53,   731.42,   344.37
  461.84,   732.52,   469.35
  463.15,   733.63,   594.34
  588.82,   483.09,   345.22
  590.13,   484.19,   470.21
  591.44,   485.30,   595.19
  587.17,   608.07,   344.13
  588.48,   609.17,   469.12
  589.79,   610.28,   594.11
  585.52,   733.05,   343.04
  586.83,   734.16,   468.03
  588.14,   735.26,   593.02
  343.61,   478.58,   474.17
  340.79,   481.62,   599.10
  337.97,   484.66,   724.03
  346.41,   603.51,   471.19
  343.59,   606.55,   596.12
  340.77,   609.59,   721.06
  349.22,   728.44,   468.21
  346.40,   731.48,   593.15
  343.57,   734.53,   718.08
  468.55,   475.84,   477.06
  465.72,   478.88,   601.99
  462.90,   481.93,   726.92
  471.35,   600.77,   474.08
  468.53,   603.82,   599.01
  465.71,   606.86,   723.94
  474.16,   725.71,   471.10
  471.33,   728.75,   596.03
  468.51,   731.79,   720.97
  593.48,   473.10,   479.95
  590.66,   476.15,   604.88
  587.84,   479.19,   729.81
  596.29,   598.04,   476.97
  593.47,   601.08,   601.90
  590.64,   604.12,   726.83
  599.09,   722.97,   473.99
  596.27,   726.01,   598.92
  593.45,   729.06,   723.85
  355.02,   465.45,   596.57
  351.34,   467.32,   721.50
  347.66,   469.20,   846.43
  358.51,   590.39,   594.80
  354.83,   592.26,   719.73
  351.16,   594.14,   844.66
  362.00,   715.33,   593.03
  358.33,   717.20,   717.96
  354.65,   719.07,   842.89
  479.91,   462.01,   600.29
  476.24,   463.89,   725.22
  472.56,   465.76,   850.16
  483.41,   586.95,   598.52
  479.73,   588.82,   723.45
  476.06,   590.70,   848.39
  486.90,   711.89,   596.75
  483.22,   713.76,   721.68
  479.55,   715.63,   846.62
  604.81,   458.57,   604.02
  601.13,   460.45,   728.95
  597.46,   462.32,   853.88
  608.30,   583.51,   602.25
  604.63,   585.38,   727.18
  600.95,   587.26,   852.11
  611.80,   708.45,   600.48
  608.12,   710.32,   725.41
  604.45,   712.20,   850.34
  353.91,   604.24,   101.88
  353.72,   602.87,   226.87
  353.53,   601.51,   351.86
  356.81,   729.20,   103.25
  356.62,   727.83,   228.24
  356.43,   726.47,   353.23
  359.71,   854.16,   104.62
  359.52,   852.79,   229.61
  359.33,   851.42,   354.60
  478.88,   601.34,   102.04
  478.69,   599.97,   227.03
  478.49,   598.60,   352.02
  481.78,   726.30,   103.41
  481.59,   724.93,   228.40
  481.39,   723.56,   353.39
  484.68,   851.26,   104.78
  484.49,   849.89,   229.77
  484.29,   848.52,   354.76
  603.84,   598.44,   102.20
  603.65,   597.07,   227.19
  603.46,   595.70,   352.18
  606.74,   723.39,   103.57
  606.55,   722.03,   228.56
  606.36,   720.66,   353.55
  609.64,   848.35,   104.94
  609.45,   846.99,   229.93
  609.26,   845.62,   354.92
  354.29,   611.08,   229.23
  352.12,   607.20,   354.15
  349.94,   603.33,   479.07
  356.77,   735.99,   233.15
  354.60,   732.12,   358.07
  352.42,   728.24,   482.99
  359.25,   860.91,   237.07
  357.08,   857.03,   361.99
  354.90,   853.15,   486.91
  479.25,   608.53,   231.32
  477.07,   604.66,   356.25
  474.90,   600.78,   481.17
  481.73,   733.45,   235.24
  479.55,   729.57,   360.17
  477.38,   725.69,   485.09
  484.21,   858.36,   239.17
  482.03,   854.48,   364.09
  479.86,   850.61,   489.01
  604.20,   605.99,   233.42
  602.03,   602.11,   358.34
  599.86,   598.23,   483.26
  606.68,   730.90,   237.34
  604.51,   727.02,   362.26
  602.34,   723.15,   487.18
  609.16,   855.82,   241.26
  606.99,   851.94,   366.18
  604.82,   848.06,   491.10
  359.06,   591.30,   346.88
  356.78,   592.26,   471.85
  354.49,   593.22,   596.83
  356.42,   716.26,   345.87
  354.13,   717.22,   470.84
  351.84,   718.18,   595.82
  353.77,   841.23,   344.86
  351.48,   842.19,   469.83
  349.19,   843.15,   594.81
  484.02,   593.96,   349.14
  481.73,   594.92,   474.12
  479.44,   595.88,   599.09
  481.37,   718.93,   348.13
  479.08,   719.89,   473.11
  476.79,   720.85,   598.08
  478.72,   843.90,   347.13
  476.43,   844.86,   472.10
  474.14,   845.82,   597.08
  608.97,   596.63,   351.41
  606.68,   597.59,   476.38
  604.39,   598.55,   601.36
  606.32,   721.60,   350.40
  604.03,   722.56,   475.38
  601.74,   723.52,   600.35
  603.67,   846.56,   349.39
  601.38,   847.53,   474.37
  599.09,   848.49,   599.34
  357.36,   608.51,   482.93
  353.08,   609.80,   607.85
  348.80,   611.09,   732.77
  357.17,   733.50,   481.63
  352.89,   734.79,   606.55
  348.61,   736.09,   731.47
  356.98,   858.49,   480.33
  352.70,   859.79,   605.25
  348.42,   861.08,   730.17
  482.28,   608.74,   487.21
  478.00,   610.03,   612.13
  473.72,   611.33,   737.05
  482.09,   733.73,   485.91
  477.81,   735.03,   610.83
  473.53,   736.32,   735.75
  481.91,   858.73,   484.61
  477.63,   860.02,   609.53
  473.35,   861.31,   734.45
  607.21,   608.97,   491.49
  602.93,   610.27,   616.41
  598.65,   611.56,   741.33
  607.02,   733.97,   490.19
  602.74,   735.26,   615.11
  598.46,   736.55,   740.03
  606.83,   858.96,   488.89
  602.55,   860.25,   613.81
  598.27,   861.54,   738.73
  352.42,   589.48,   592.99
  354.84,   588.52,   717.96
  357.26,   587.56,   842.93
  352.71,   714.47,   593.94
  355.13,   713.52,   718.91
  357.55,   712.56,   843.88
  353.00,   839.47,   594.89
  355.43,   838.51,   719.86
  357.85,   837.56,   844.84
  477.39,   589.20,   590.56
  479.81,   588.25,   715.54
  482.24,   587.29,   840.51
  477.69,   714.20,   591.51
  480.11,   713.24,   716.49
  482.53,   712.28,   841.46
  477.98,   839.19,   592.47
  480.40,   838.24,   717.44
  482.82,   837.28,   842.41
  602.37,   588.93,   588.14
  604.79,   587.97,   713.11
  607.21,   587.01,   838.08
  602.66,   713.92,   589.09
  605.08,   712.97,   714.06
  607.51,   712.01,   839.04
  602.96,   838.92,   590.04
  605.38,   837.96,   715.01
  607.80,   837.01,   839.99
  476.52,   104.55,    99.99
  475.46,   104.32,   224.98
  474.40,   104.09,   349.98
  477.37,   229.55,   100.23
  476.31,   229.32,   225.22
  475.25,   229.09,   350.22
  478.21,   354.55,   100.47
  477.15,   354.31,   225.46
  476.10,   354.08,   350.46
  601.51,   103.70,   101.05
  600.45,   103.47,   226.04
  599.39,   103.24,   351.04
  602.36,   228.70,   101.28
  601.30,   228.47,   226.28
  600.24,   228.24,   351.28
  603.21,   353.70,   101.52
  602.15,   353.46,   226.52
  601.09,   353.23,   351.51
  726.50,   102.85,   102.10
  725.44,   102.62,   227.10
  724.38,   102.39,   352.09
  727.35,   227.85,   102.34
  726.29,   227.62,   227.34
  725.23,   227.39,   352.33
  728.20,   352.85,   102.58
  727.14,   352.61,   227.58
  726.08,   352.38,   352.57
  483.48,    94.56,   226.48
  479.48,    91.31,   351.37
  475.48,    88.05,   476.27
  486.66,   219.47,   229.84
  482.66,   216.22,   354.73
  478.66,   212.96,   479.62
  489.84,   344.39,   233.19
  485.84,   341.13,   358.09
  481.84,   337.88,   482.98
  608.38,    91.28,   230.39
  604.37,    88.02,   355.29
  600.37,    84.77,   480.18
  611.55,   216.19,   233.75
  607.55,   212.94,   358.64
  603.55,   209.68,   483.54
  614.73,   341.11,   237.11
  610.73,   337.85,   362.00
  606.73,   334.60,   486.90
  733.27,    87.99,   234.31
  729.27,    84.74,   359.20
  725.27,    81.48,   484.10
  736.45,   212.91,   237.67
  732.45,   209.65,   362.56
  728.45,   206.40,   487.45
  739.63,   337.82,   241.02
  735.63,   334.57,   365.92
  731.63,   331.31,   490.81
  481.69,    93.23,   352.57
  480.90,    90.75,   477.54
  480.12,    88.28,   602.52
  483.72,   218.19,   355.06
  482.93,   215.71,   480.03
  482.15,   213.24,   605.00
  485.75,   343.14,   357.54
  484.96,   340.67,   482.52
  484.18,   338.19,   607.49
  606.67,    91.18,   353.32
  605.88,    88.71,   478.29
  605.10,    86.23,   603.26
  608.70,   216.14,   355.80
  607.91,   213.67,   480.78
  607.13,   211.19,   605.75
  610.73,   341.10,   358.29
  609.95,   338.62,   483.26
  609.16,   336.15,   608.24
  731.65,    89.14,   354.06
  730.86,    86.66,   479.03
  730.08,    84.19,   604.01
  733.68,   214.09,   356.55
  732.90,   211.62,   481.52
  732.11,   209.14,   606.49
  735.71,   339.05,   359.04
  734.93,   336.58,   484.01
  734.14,   334.10,   608.98
  468.59,   104.01,   472.49
  468.36,   104.76,   597.49
  468.12,   105.52,   722.49
  464.45,   228.94,   471.73
  464.21,   229.69,   596.72
  463.98,   230.45,   721.72
  460.30,   353.86,   470.96
  460.07,   354.62,   595.96
  459.84,   355.38,   720.96
  593.52,   108.15,   472.70
  593.29,   108.91,   597.70
  593.05,   109.67,   722.69
  589.38,   233.08,   471.93
  589.14,   233.84,   596.93
  588.91,   234.60,   721.93
  585.23,   358.01,   471.17
  585.00,   358.77,   596.17
  584.77,   359.52,   721.16
  718.45,   112.30,   472.91
  718.22,   113.05,   597.90
  717.98,   113.81,   722.90
  714.31,   237.22,   472.14
  714.07,   237.98,   597.14
  713.84,   238.74,   722.14
  710.16,   362.15,   471.38
  709.93,   362.91,   596.37
  709.70,   363.67,   721.37
  467.40,   106.21,   599.19
  464.62,   107.80,   724.14
  461.84,   109.39,   849.10
  466.13,   231.20,   597.57
  463.35,   232.79,   722.53
  460.58,   234.37,   847.49
  464.87,   356.18,   595.95
  462.09,   357.77,   720.91
  459.31,   359.36,   845.87
  592.36,   107.51,   601.95
  589.58,   109.10,   726.91
  586.80,   110.69,   851.86
  591.09,   232.50,   600.33
  588.32,   234.09,   725.29
  585.54,   235.67,   850.25
  589.83,   357.48,   598.71
  587.05,   359.07,   723.67
  584.27,   360.66,   848.63
  717.32,   108.81,   604.71
  714.54,   110.40,   729.67
  711.76,   111.99,   854.63
  716.06,   233.80,   603.09
  713.28,   235.39,   728.05
  710.50,   236.97,   853.01
  714.79,   358.78,   601.47
  712.01,   360.37,   726.43
  709.24,   361.96,   851.39
  477.43,   238.40,   104.63
  475.95,   237.11,   229.61
  474.47,   235.82,   354.60
  473.79,   363.34,   105.87
  472.31,   362.05,   230.86
  470.83,   360.76,   355.84
  470.15,   488.28,   107.12
  468.67,   486.99,   232.11
  467.19,   485.70,   357.09
  602.37,   242.03,   106.14
  600.89,   240.74,   231.13
  599.41,   239.45,   356.11
  598.73,   366.97,   107.39
  597.25,   365.68,   232.38
  595.77,   364.39,   357.36
  595.08,   491.91,   108.64
  593.60,   490.62,   233.62
  592.12,   489.33,   358.61
  727.31,   245.66,   107.66
  725.83,   244.37,   232.64
  724.35,   243.08,   357.63
  723.67,   370.60,   108.91
  722.19,   369.31,   233.89
  720.71,   368.02,   358.88
  720.02,   495.54,   110.15
  718.54,   494.25,   235.14
  717.06,   492.96,   360.12
  461.35,   242.23,   223.09
  466.02,   239.48,   347.97
  470.70,   236.73,   472.86
  461.47,   367.20,   225.84
  466.14,   364.45,   350.72
  470.82,   361.70,   475.60
  461.59,   492.17,   228.58
  466.26,   489.42,   353.47
  470.94,   486.67,   478.35
  586.26,   242.21,   218.41
  590.94,   239.46,   343.30
  595.61,   236.71,   468.18
  586.38,   367.18,   221.16
  591.05,   364.43,   346.04
  595.73,   361.68,   470.93
  586.50,   492.15,   223.91
  591.17,   489.40,   348.79
  595.85,   486.65,   473.67
  711.17,   242.20,   213.74
  715.85,   239.45,   338.62
  720.52,   236.70,   463.50
  711.29,   367.17,   216.49
  715.97,   364.42,   341.37
  720.64,   361.67,   466.25
  711.41,   492.14,   219.23
  716.09,   489.39,   344.12
  720.76,   486.64,   469.00
  473.24,   220.97,   347.91
  476.55,   223.35,   472.84
  479.86,   225.74,   597.77
  469.68,   345.90,   345.62
  472.99,   348.28,   470.55
  476.30,   350.66,   595.48
  466.12,   470.83,   343.33
  469.43,   473.21,   468.26
  472.74,   475.59,   593.20
  598.15,   224.47,   344.53
  601.46,   226.85,   469.46
  604.77,   229.24,   594.40
  594.59,   349.40,   342.24
  597.90,   351.78,   467.18
  601.21,   354.16,   592.11
  591.02,   474.33,   339.95
  594.33,   476.71,   464.89
  597.64,   479.09,   589.82
  723.05,   227.97,   341.15
  726.36,   230.35,   466.09
  729.67,   232.73,   591.02
  719.49,   352.90,   338.87
  722.80,   355.28,   463.80
  726.11,   357.66,   588.73
  715.93,   477.83,   336.58
  719.24,   480.21,   461.51
  722.55,   482.59,   586.44
  484.15,   214.09,   477.19
  482.53,   211.11,   602.14
  480.91,   208.14,   727.09
  488.22,   338.98,   480.21
  486.61,   336.01,   605.16
  484.99,   333.04,   730.12
  492.30,   463.88,   483.23
  490.69,   460.91,   608.19
  489.07,   457.94,   733.14
  609.07,   209.97,   478.70
  607.45,   207.00,   603.66
  605.84,   204.03,   728.61
  613.15,   334.87,   481.73
  611.53,   331.90,   606.68
  609.92,   328.92,   731.64
  617.23,   459.76,   484.75
  615.61,   456.79,   609.71
  613.99,   453.82,   734.66
  733.99,   205.85,   480.22
  732.38,   202.88,   605.18
  730.76,   199.91,   730.13
  738.07,   330.75,   483.25
  736.45,   327.78,   608.20
  734.84,   324.81,   733.15
  742.15,   455.65,   486.27
  740.53,   452.68,   611.22
  738.92,   449.70,   736.18
  478.01,   225.53,   603.29
  480.78,   226.60,   728.26
  483.55,   227.68,   853.22
  475.39,   350.50,   602.28
  478.16,   351.57,   727.24
  480.92,   352.65,   852.21
  472.76,   475.47,   601.26
  475.53,   476.54,   726.23
  478.30,   477.61,   851.19
  602.96,   228.13,   600.50
  605.72,   229.21,   725.47
  608.49,   230.28,   850.43
  600.33,   353.10,   599.49
  603.10,   354.18,   724.45
  605.87,   355.25,   849.42
  597.70,   478.07,   598.47
  600.47,   479.14,   723.44
  603.24,   480.22,   848.40
  727.90,   230.74,   597.71
  730.67,   231.81,   722.68
  733.44,   232.89,   847.64
  725.27,   355.71,   596.70
  728.04,   356.78,   721.66
  730.81,   357.85,   846.63
  722.64,   480.68,   595.68
  725.41,   481.75,   720.65
  728.18,   482.82,   845.61
  462.19,   349.42,    93.81
  459.75,   349.74,   218.78
  457.30,   350.05,   343.76
  459.22,   474.38,    93.43
  456.77,   474.70,   218.41
  454.33,   475.02,   343.38
  456.25,   599.35,    93.06
  453.80,   599.67,   218.03
  451.35,   599.98,   343.01
  587.13,   352.40,    96.25
  584.69,   352.72,   221.22
  582.24,   353.03,   346.20
  584.16,   477.36,    95.87
  581.71,   477.68,   220.85
  579.27,   478.00,   345.82
  581.19,   602.33,    95.50
  578.74,   602.64,   220.47
  576.30,   602.96,   345.45
  712.07,   355.38,    98.68
  709.63,   355.70,   223.66
  707.18,   356.01,   348.63
  709.10,   480.34,    98.31
  706.65,   480.66,   223.28
  704.21,   480.98,   348.26
  706.13,   605.31,    97.93
  703.68,   605.62,   222.91
  701.24,   605.94,   347.88
  468.41,   347.56,   221.90
  471.59,   350.58,   346.82
  474.78,   353.60,   471.75
  464.92,   472.48,   218.97
  468.10,   475.50,   343.90
  471.29,   478.51,   468.82
  461.43,   597.40,   216.05
  464.62,   600.41,   340.97
  467.80,   603.43,   465.89
  593.32,   350.97,   218.63
  596.50,   353.99,   343.56
  599.69,   357.01,   468.48
  589.83,   475.89,   215.71
  593.02,   478.91,   340.63
  596.20,   481.92,   465.55
  586.34,   600.81,   212.78
  589.53,   603.82,   337.70
  592.71,   606.84,   462.63
  718.23,   354.38,   215.37
  721.41,   357.40,   340.29
  724.60,   360.41,   465.21
  714.74,   479.30,   212.44
  717.93,   482.32,   337.36
  721.11,   485.33,   462.28
  711.25,   604.22,   209.51
  714.44,   607.23,   334.44
  717.62,   610.25,   459.36
  466.44,   358.81,   348.28
  470.63,   355.31,   473.16
  474.81,   351.81,   598.04
  467.11,   483.76,   351.76
  471.30,   480.26,   476.64
  475.48,   476.76,   601.52
  467.79,   608.71,   355.24
  471.97,   605.21,   480.12
  476.16,   601.71,   605.00
  591.37,   358.26,   344.08
  595.55,   354.75,   468.96
  599.74,   351.25,   593.84
  592.04,   483.21,   347.56
  596.23,   479.70,   472.44
  600.41,   476.20,   597.32
  592.71,   608.15,   351.04
  596.90,   604.65,   475.92
  601.09,   601.15,   600.80
  716.30,   357.70,   339.87
  720.48,   354.20,   464.75
  724.67,   350.70,   589.63
  716.97,   482.65,   343.35
  721.16,   479.15,   468.23
  725.34,   475.65,   593.12
  717.64,   607.60,   346.83
  721.83,   604.10,   471.72
  726.01,   600.60,   596.60
  465.90,   354.16,   469.78
  464.02,   351.60,   594.74
  462.15,   349.04,   719.70
  465.07,   479.13,   472.33
  463.20,   476.57,   597.29
  461.32,   474.01,   722.25
  464.24,   604.10,   474.87
  462.37,   601.54,   599.83
  460.50,   598.98,   724.79
  590.88,   354.95,   471.67
  589.01,   352.39,   596.63
  587.13,   349.83,   721.59
  590.05,   479.92,   474.22
  588.18,   477.36,   599.17
  586.31,   474.80,   724.13
  589.23,   604.89,   476.76
  587.35,   602.33,   601.72
  585.48,   599.77,   726.68
  715.86,   355.74,   473.56
  713.99,   353.18,   598.52
  712.12,   350.62,   723.47
  715.04,   480.71,   476.10
  713.16,   478.15,   601.06
  711.29,   475.59,   726.02
  714.21,   605.68,   478.65
  712.34,   603.12,   603.61
  710.46,   600.56,   728.57
  476.64,   353.99,   601.50
  474.55,   357.07,   726.44
  472.46,   360.16,   851.39
  479.70,   478.91,   598.47
  477.61,   482.00,   723.41
  475.52,   485.08,   848.35
  482.76,   603.84,   595.43
  480.67,   606.92,   720.38
  478.58,   610.01,   845.32
  601.59,   350.98,   603.67
  599.49,   354.06,   728.61
  597.40,   357.15,   853.55
  604.65,   475.90,   600.63
  602.56,   478.99,   725.58
  600.46,   482.07,   850.52
  607.71,   600.83,   597.60
  605.62,   603.91,   722.54
  603.52,   607.00,   847.49
  726.53,   347.97,   605.83
  724.44,   351.05,   730.78
  722.35,   354.14,   855.72
  729.59,   472.89,   602.80
  727.50,   475.98,   727.74
  725.41,   479.07,   852.69
  732.65,   597.82,   599.76
  730.56,   600.91,   724.71
  728.47,   603.99,   849.65
  466.03,   484.27,   100.55
  468.23,   483.52,   225.52
  470.42,   482.76,   350.50
  468.39,   609.25,   101.26
  470.58,   608.49,   226.24
  472.78,   607.74,   351.21
  470.75,   734.22,   101.97
  472.94,   733.47,   226.95
  475.14,   732.72,   351.93
  590.99,   481.92,    98.34
  593.18,   481.17,   223.32
  595.38,   480.42,   348.30
  593.35,   606.90,    99.05
  595.54,   606.15,   224.03
  597.74,   605.39,   349.01
  595.71,   731.88,    99.76
  597.90,   731.12,   224.74
  600.10,   730.37,   349.72
  715.95,   479.58,    96.13
  718.14,   478.82,   221.11
  720.33,   478.07,   346.09
  718.31,   604.55,    96.85
  720.50,   603.80,   221.82
  722.69,   603.05,   346.80
  720.67,   729.53,    97.56
  722.86,   728.78,   222.54
  725.05,   728.02,   347.51
  457.99,   484.96,   220.83
  459.61,   487.59,   345.79
  461.23,   490.22,   470.75
  456.79,   609.93,   218.22
  458.41,   612.56,   343.18
  460.02,   615.19,   468.14
  455.58,   734.90,   215.61
  457.20,   737.53,   340.57
  458.82,   740.15,   465.53
  582.98,   486.14,   219.19
  584.60,   488.76,   344.15
  586.21,   491.39,   469.11
  581.77,   611.10,   216.57
  583.39,   613.73,   341.54
  585.01,   616.36,   466.50
  580.57,   736.07,   213.96
  582.18,   738.70,   338.92
  583.80,   741.32,   463.89
  707.96,   487.31,   217.54
  709.58,   489.93,   342.50
  711.20,   492.56,   467.47
  706.75,   612.27,   214.93
  708.37,   614.90,   339.89
  709.99,   617.53,   464.85
  705.55,   737.24,   212.32
  707.17,   739.87,   337.28
  708.79,   742.50,   462.24
  473.55,   482.61,   352.96
  470.17,   479.83,   477.88
  466.79,   477.06,   602.80
  471.02,   607.55,   355.66
  467.63,   604.78,   480.59
  464.25,   602.00,   605.51
  468.48,   732.50,   358.37
  465.10,   729.72,   483.29
  461.71,   726.95,   608.22
  598.48,   485.07,   356.40
  595.10,   482.29,   481.32
  591.71,   479.52,   606.24
  595.95,   610.01,   359.10
  592.56,   607.24,   484.03
  589.18,   604.46,   608.95
  593.41,   734.96,   361.81
  590.03,   732.18,   486.73
  586.64,   729.41,   611.66
  723.41,   487.53,   359.83
  720.03,   484.75,   484.76
  716.64,   481.98,   609.68
  720.87,   612.47,   362.54
  717.49,   609.70,   487.46
  714.11,   606.92,   612.39
  718.34,   737.42,   365.25
  714.95,   734.64,   490.17
  711.57,   731.87,   615.09
  475.84,   470.91,   471.20
  479.21,   470.79,   596.15
  482.58,   470.67,   721.11
  477.07,   595.91,   471.28
  480.44,   595.79,   596.24
  483.81,   595.67,   721.19
  478.30,   720.90,   471.37
  481.67,   720.78,   596.33
  485.04,   720.66,   721.28
  600.79,   469.68,   467.83
  604.16,   469.56,   592.78
  607.53,   469.44,   717.74
  602.02,   594.68,   467.92
  605.39,   594.56,   592.87
  608.76,   594.44,   717.83
  603.25,   719.67,   468.00
  606.62,   719.55,   592.96
  609.99,   719.43,   717.91
  725.74,   468.46,   464.46
  729.11,   468.34,   589.42
  732.47,   468.22,   714.37
  726.97,   593.45,   464.55
  730.34,   593.33,   589.50
  733.70,   593.21,   714.46
  728.20,   718.45,   464.64
  731.57,   718.32,   589.59
  734.93,   718.20,   714.55
  474.67,   468.30,   595.24
  478.07,   468.19,   720.19
  481.48,   468.09,   845.15
  477.36,   593.27,   595.27
  480.77,   593.16,   720.22
  484.18,   593.06,   845.18
  480.06,   718.24,   595.30
  483.47,   718.14,   720.25
  486.88,   718.03,   845.21
  599.59,   465.60,   591.83
  603.00,   465.50,   716.78
  606.41,   465.39,   841.74
  602.29,   590.57,   591.86
  605.70,   590.47,   716.81
  609.10,   590.36,   841.77
  604.99,   715.54,   591.89
  608.40,   715.44,   716.84
  611.80,   715.33,   841.80
  724.51,   462.91,   588.42
  727.92,   462.80,   713.37
  731.33,   462.70,   838.33
  727.21,   587.88,   588.45
  730.62,   587.77,   713.40
  734.03,   587.67,   838.36
  729.91,   712.85,   588.48
  733.32,   712.74,   713.43
  736.73,   712.64,   838.39
  474.32,   591.12,    96.48
  474.15,   593.72,   221.45
  473.97,   596.33,   346.42
  470.08,   716.02,    93.87
  469.90,   718.62,   218.84
  469.73,   721.23,   343.81
  465.83,   840.92,    91.26
  465.66,   843.52,   216.23
  465.49,   846.13,   341.21
  599.25,   595.37,    96.56
  599.07,   597.97,   221.53
  598.90,   600.57,   346.51
  595.00,   720.27,    93.95
  594.83,   722.87,   218.93
  594.66,   725.47,   343.90
  590.76,   845.17,    91.35
  590.59,   847.77,   216.32
  590.41,   850.37,   341.29
  724.18,   599.61,    96.65
  724.00,   602.22,   221.62
  723.83,   604.82,   346.59
  719.93,   724.51,    94.04
  719.76,   727.12,   219.01
  719.59,   729.72,   343.98
  715.69,   849.41,    91.43
  715.51,   852.02,   216.40
  715.34,   854.62,   341.38
  489.58,   582.87,   224.13
  486.61,   585.29,   349.07
  483.65,   587.72,   474.01
  488.55,   707.84,   221.68
  485.58,   710.27,   346.62
  482.62,   712.69,   471.56
  487.52,   832.81,   219.22
  484.56,   835.24,   344.17
  481.59,   837.67,   469.11
  614.54,   583.95,   227.08
  611.57,   586.38,   352.02
  608.61,   588.81,   476.96
  613.51,   708.92,   224.63
  610.55,   711.35,   349.57
  607.58,   713.78,   474.51
  612.48,   833.90,   222.17
  609.52,   836.32,   347.11
  606.55,   838.75,   472.05
  739.50,   585.04,   230.03
  736.54,   587.47,   354.97
  733.57,   589.90,   479.91
  738.47,   710.01,   227.57
  735.51,   712.44,   352.51
  732.54,   714.87,   477.45
  737.44,   834.98,   225.12
  734.48,   837.41,   350.06
  731.51,   839.84,   475.00
  479.54,   600.87,   351.48
  476.84,   599.84,   476.45
  474.14,   598.81,   601.41
  482.66,   725.82,   352.58
  479.97,   724.80,   477.54
  477.27,   723.77,   602.51
  485.79,   850.78,   353.67
  483.09,   849.75,   478.64
  480.39,   848.72,   603.60
  604.47,   597.72,   354.15
  601.77,   596.69,   479.12
  599.07,   595.66,   604.09
  607.60,   722.68,   355.25
  604.90,   721.65,   480.21
  602.20,   720.62,   605.18
  610.72,   847.63,   356.34
  608.02,   846.60,   481.31
  605.32,   845.58,   606.28
  729.40,   594.57,   356.82
  726.70,   593.54,   481.79
  724.01,   592.52,   606.76
  732.53,   719.53,   357.92
  729.83,   718.50,   482.88
  727.13,   717.47,   607.85
  735.65,   844.48,   359.01
  732.95,   843.46,   483.98
  730.26,   842.43,   608.95
  467.59,   599.87,   470.06
  467.79,   597.76,   595.04
  467.99,   595.66,   720.02
  469.87,   724.83,   472.16
  470.07,   722.73,   597.14
  470.27,   720.62,   722.13
  472.15,   849.79,   474.27
  472.35,   847.69,   599.25
  472.55,   845.58,   724.23
  592.57,   597.59,   469.82
  592.77,   595.49,   594.80
  592.97,   593.38,   719.78
  594.85,   722.56,   471.92
  595.05,   720.45,   596.90
  595.25,   718.34,   721.89
  597.13,   847.52,   474.03
  597.33,   845.41,   599.01
  597.53,   843.30,   723.99
  717.55,   595.32,   469.58
  717.75,   593.21,   594.56
  717.95,   591.10,   719.54
  719.83,   720.28,   471.68
  720.03,   718.17,   596.66
  720.23,   716.06,   721.65
  722.11,   845.24,   473.79
  722.31,   843.13,   598.77
  722.51,   841.03,   723.75
  469.04,   590.19,   593.14
  469.01,   591.81,   718.13
  468.98,   593.42,   843.12
  468.80,   715.18,   591.53
  468.77,   716.80,   716.52
  468.74,   718.41,   841.51
  468.55,   840.17,   589.92
  468.52,   841.79,   714.91
  468.50,   843.40,   839.90
  594.04,   590.44,   593.17
  594.01,   592.05,   718.16
  593.98,   593.66,   843.15
  593.80,   715.43,   591.56
  593.77,   717.04,   716.55
  593.74,   718.65,   841.54
  593.55,   840.42,   589.94
  593.52,   842.03,   714.93
  593.50,   843.64,   839.92
  719.04,   590.68,   593.19
  719.01,   592.29,   718.18
  718.98,   593.91,   843.17
  718.80,   715.67,   591.58
  718.77,   717.28,   716.57
  718.74,   718.90,   841.56
  718.55,   840.66,   589.97
  718.52,   842.27,   714.96
  718.50,   843.89,   839.95
  611.51,    98.88,   104.60
  609.56,   102.03,   229.54
  607.60,   105.18,   354.49
  613.32,   223.83,   101.47
  611.37,   226.98,   226.42
  609.41,   230.13,   351.36
  615.13,   348.77,    98.35
  613.18,   351.92,   223.30
  611.22,   355.08,   348.24
  736.48,    97.12,   106.60
  734.53,   100.27,   231.54
  732.57,   103.42,   356.49
  738.29,   222.07,   103.48
  736.34,   225.22,   228.42
  734.38,   228.37,   353.37
  740.10,   347.01,   100.35
  738.15,   350.16,   225.30
  736.19,   353.32,   350.24
  861.46,    95.36,   108.60
  859.50,    98.51,   233.54
  857.54,   101.66,   358.49
  863.27,   220.31,   105.48
  861.31,   223.46,   230.42
  859.35,   226.61,   355.37
  865.08,   345.25,   102.35
  863.12,   348.40,   227.30
  861.16,   351.55,   352.24
  597.99,   101.25,   224.96
  598.75,   103.90,   349.93
  599.52,   106.55,   474.90
  601.80,   226.16,   222.29
  602.57,   228.81,   347.25
  603.33,   231.46,   472.22
  605.61,   351.08,   219.61
  606.38,   353.73,   344.58
  607.14,   356.38,   469.55
  722.93,    97.42,   224.27
  723.69,   100.07,   349.24
  724.46,   102.72,   474.21
  726.74,   222.34,   221.60
  727.51,   224.99,   346.57
  728.27,   227.64,   471.54
  730.55,   347.25,   218.93
  731.32,   349.90,   343.90
  732.08,   352.55,   468.87
  847.87,    93.60,   223.59
  848.63,    96.25,   348.56
  849.40,    98.89,   473.53
  851.68,   218.51,   220.92
  852.44,   221.16,   345.89
  853.21,   223.81,   470.86
  855.49,   343.42,   218.25
  856.26,   346.07,   343.22
  857.02,   348.72,   468.19
  601.23,    99.34,   352.58
  600.82,   100.61,   477.57
  600.40,   101.88,   602.56
  603.40,   224.31,   351.31
  602.99,   225.59,   476.31
  602.58,   226.86,   601.30
  605.58,   349.29,   350.05
  605.16,   350.56,   475.04
  604.75,   351.83,   600.04
  726.21,    97.17,   353.01
  725.80,    98.44,   478.01
  725.38,    99.71,   603.00
  728.38,   222.14,   351.75
  727.97,   223.42,   476.74
  727.56,   224.69,   601.74
  730.56,   347.12,   350.49
  730.14,   348.39,   475.48
  729.73,   349.66,   600.47
  851.19,    95.00,   353.45
  850.78,    96.27,   478.44
  850.36,    97.54,   603.43
  853.36,   219.97,   352.19
  852.95,   221.25,   477.18
  852.54,   222.52,   602.17
  855.54,   344.95,   350.92
  855.13,   346.22,   475.91
  854.71,   347.49,   600.91
  603.29,   101.50,   476.83
  600.61,   100.59,   601.80
  597.92,    99.68,   726.77
  600.58,   226.47,   477.69
  597.90,   225.56,   602.65
  595.22,   224.65,   727.62
  597.88,   351.44,   478.54
  595.20,   350.53,   603.51
  592.51,   349.61,   728.48
  728.23,   104.19,   479.53
  725.55,   103.28,   604.50
  722.87,   102.37,   729.47
  725.53,   229.16,   480.39
  722.84,   228.25,   605.36
  720.16,   227.33,   730.32
  722.82,   354.13,   481.24
  720.14,   353.21,   606.21
  717.46,   352.30,   731.18
  853.17,   106.88,   482.23
  850.49,   105.96,   607.20
  847.81,   105.05,   732.17
  850.47,   231.85,   483.09
  847.78,   230.93,   608.06
  845.10,   230.02,   733.03
  847.76,   356.81,   483.94
  845.08,   355.90,   608.91
  842.40,   354.99,   733.88
  609.88,   102.82,   606.63
  606.13,   101.80,   731.56
  602.39,   100.78,   856.50
  610.37,   227.81,   607.66
  606.62,   226.79,   732.60
  602.87,   225.77,   857.54
  610.85,   352.81,   608.70
  607.11,   351.79,   733.64
  603.36,   350.77,   858.58
  734.82,   102.30,   610.37
  731.08,   101.28,   735.31
  727.33,   100.26,   860.25
  735.31,   227.30,   611.40
  731.56,   226.28,   736.34
  727.82,   225.26,   861.28
  735.79,   352.29,   612.44
  732.05,   351.27,   737.38
  728.30,   350.25,   862.32
  859.77,   101.79,   614.11
  856.02,   100.77,   739.05
  852.27,    99.75,   863.99
  860.25,   226.78,   615.15
  856.51,   225.76,   740.08
  852.76,   224.74,   865.02
  860.74,   351.78,   616.18
  856.99,   350.76,   741.12
  853.25,   349.73,   866.06
  603.18,   208.91,    97.67
  605.13,   208.58,   222.66
  607.07,   208.26,   347.64
  600.98,   333.89,    98.03
  602.93,   333.56,   223.02
  604.88,   333.24,   348.00
  598.79,   458.87,    98.39
  600.73,   458.54,   223.38
  602.68,   458.22,   348.36
  728.15,   211.11,    95.73
  730.09,   210.78,   220.72
  732.04,   210.46,   345.70
  725.95,   336.09,    96.09
  727.90,   335.76,   221.08
  729.84,   335.44,   346.06
  723.75,   461.07,    96.45
  725.70,   460.74,   221.44
  727.65,   460.42,   346.42
  853.11,   213.31,    93.79
  855.06,   212.99,   218.78
  857.01,   212.66,   343.76
  850.91,   338.29,    94.15
  852.86,   337.97,   219.14
  854.81,   337.64,   344.12
  848.72,   463.27,    94.51
  850.66,   462.95,   219.49
  852.61,   462.62,   344.48
  606.94,   220.62,   228.07
  608.91,   221.42,   353.05
  610.89,   222.22,   478.04
  608.66,   345.60,   227.24
  610.63,   346.40,   352.22
  612.61,   347.21,   477.21
  610.37,   470.59,   226.41
  612.35,   471.39,   351.40
  614.32,   472.19,   476.38
  731.91,   218.89,   226.11
  733.89,   219.69,   351.09
  735.86,   220.49,   476.07
  733.63,   343.87,   225.28
  735.60,   344.67,   350.26
  737.58,   345.47,   475.24
  735.35,   468.86,   224.45
  737.32,   469.66,   349.43
  739.30,   470.46,   474.41
  856.88,   217.15,   224.15
  858.86,   217.96,   349.13
  860.83,   218.76,   474.11
  858.60,   342.14,   223.32
  860.58,   342.94,   348.30
  862.55,   343.74,   473.28
  860.32,   467.13,   222.49
  862.29,   467.93,   347.47
  864.27,   468.73,   472.45
  609.40,   224.73,   353.95
  609.53,   224.74,   478.95
  609.65,   224.75,   603.95
  609.69,   349.73,   353.94
  609.82,   349.74,   478.94
  609.94,   349.75,   603.94
  609.99,   474.73,   353.93
  610.11,   474.74,   478.93
  610.24,   474.75,   603.93
  734.40,   224.44,   353.83
  734.53,   224.45,   478.83
  734.65,   224.46,   603.83
  734.69,   349.44,   353.82
  734.82,   349.45,   478.82
  734.94,   349.46,   603.82
  734.99,   474.44,   353.81
  735.11,   474.45,   478.81
  735.24,   474.45,   603.81
  859.40,   224.15,   353.70
  859.53,   224.15,   478.70
  859.65,   224.16,   603.70
  859.69,   349.15,   353.69
  859.82,   349.15,   478.69
  859.94,   349.16,   603.69
  859.99,   474.15,   353.68
  860.11,   474.15,   478.68
  860.24,   474.16,   603.68
  608.34,   233.58,   482.66
  605.42,   229.67,   607.57
  602.51,   225.75,   732.47
  611.17,   358.48,   486.64
  608.25,   354.57,   611.55
  605.34,   350.66,   736.45
  614.00,   483.39,   490.62
  611.08,   479.48,   615.52
  608.17,   475.56,   740.43
  733.27,   230.66,   485.49
  730.36,   226.75,   610.39
  727.44,   222.83,   735.30
  736.10,   355.56,   489.47
  733.19,   351.65,   614.37
  730.27,   347.74,   739.28
  738.93,   480.47,   493.44
  736.02,   476.56,   618.35
  733.10,   472.64,   743.25
  858.21,   227.74,   488.31
  855.29,   223.83,   613.22
  852.38,   219.91,   738.12
  861.04,   352.64,   492.29
  858.12,   348.73,   617.19
  855.21,   344.82,   742.10
  863.87,   477.55,   496.27
  860.95,   473.64,   621.17
  858.04,   469.72,   746.08
  610.02,   212.50,   601.01
  607.04,   217.23,   725.89
  604.05,   221.97,   850.76
  608.90,   337.41,   596.25
  605.91,   342.14,   721.13
  602.93,   346.87,   846.00
  607.78,   462.31,   591.49
  604.79,   467.04,   716.37
  601.81,   471.77,   841.24
  734.98,   213.73,   603.95
  731.99,   218.47,   728.83
  729.01,   223.20,   853.70
  733.86,   338.64,   599.19
  730.87,   343.37,   724.07
  727.89,   348.10,   848.94
  732.74,   463.54,   594.43
  729.75,   468.28,   719.31
  726.77,   473.01,   844.18
  859.94,   214.97,   606.89
  856.95,   219.70,   731.76
  853.97,   224.43,   856.64
  858.82,   339.87,   602.13
  855.83,   344.60,   727.00
  852.85,   349.34,   851.88
  857.70,   464.78,   597.37
  854.71,   469.51,   722.25
  851.73,   474.24,   847.12
  598.96,   339.92,    96.18
  598.46,   339.19,   221.18
  597.95,   338.45,   346.18
  598.57,   464.92,    96.92
  598.06,   464.19,   221.91
  597.56,   463.45,   346.91
  598.18,   589.92,    97.65
  597.67,   589.18,   222.65
  597.17,   588.45,   347.64
  723.96,   340.31,    96.69
  723.46,   339.58,   221.69
  722.95,   338.84,   346.68
  723.57,   465.31,    97.42
  723.06,   464.58,   222.42
  722.56,   463.84,   347.42
  723.18,   590.31,    98.16
  722.67,   589.57,   223.15
  722.17,   588.84,   348.15
  848.96,   340.70,    97.20
  848.45,   339.97,   222.19
  847.95,   339.23,   347.19
  848.57,   465.70,    97.93
  848.06,   464.96,   222.93
  847.56,   464.23,   347.92
  848.17,   590.70,    98.66
  847.67,   589.96,   223.66
  847.16,   589.23,   348.66
  595.74,   343.02,   221.21
  593.73,   346.65,   346.14
  591.72,   350.28,   471.07
  593.12,   467.93,   217.53
  591.11,   471.56,   342.46
  589.10,   475.19,   467.40
  590.50,   592.85,   213.86
  588.49,   596.48,   338.79
  586.48,   600.11,   463.72
  720.70,   345.70,   223.14
  718.69,   349.33,   348.07
  716.68,   352.96,   473.00
  718.07,   470.61,   219.47
  716.06,   474.24,   344.40
  714.05,   477.87,   469.33
  715.45,   595.53,   215.79
  713.44,   599.16,   340.73
  711.43,   602.79,   465.66
  845.65,   348.38,   225.07
  843.64,   352.01,   350.00
  841.63,   355.64,   474.93
  843.03,   473.30,   221.40
  841.02,   476.93,   346.33
  839.01,   480.55,   471.26
  840.41,   598.21,   217.73
  838.40,   601.84,   342.66
  836.39,   605.47,   467.59
  600.89,   350.89,   349.45
  598.41,   347.63,   474.38
  595.93,   344.36,   599.31
  604.20,   475.80,   352.78
  601.72,   472.54,   477.71
  599.24,   469.27,   602.64
  607.51,   600.71,   356.10
  605.04,   597.45,   481.04
  602.56,   594.19,   605.97
  725.82,   347.51,   351.84
  723.34,   344.25,   476.77
  720.86,   340.98,   601.70
  729.13,   472.42,   355.17
  726.65,   469.16,   480.10
  724.17,   465.90,   605.03
  732.45,   597.33,   358.49
  729.97,   594.07,   483.43
  727.49,   590.81,   608.36
  850.75,   344.13,   354.23
  848.27,   340.87,   479.16
  845.79,   337.61,   604.09
  854.06,   469.04,   357.56
  851.58,   465.78,   482.49
  849.11,   462.52,   607.42
  857.38,   593.96,   360.88
  854.90,   590.69,   485.82
  852.42,   587.43,   610.75
  602.96,   343.89,   473.99
  599.39,   343.41,   598.94
  595.82,   342.93,   723.89
  603.28,   468.89,   474.48
  599.71,   468.41,   599.43
  596.14,   467.93,   724.38
  603.61,   593.88,   474.97
  600.04,   593.40,   599.92
  596.47,   592.92,   724.87
  727.91,   343.55,   477.56
  724.34,   343.07,   602.51
  720.77,   342.59,   727.46
  728.23,   468.55,   478.05
  724.66,   468.07,   603.00
  721.09,   467.59,   727.95
  728.56,   593.55,   478.54
  724.99,   593.07,   603.49
  721.42,   592.58,   728.44
  852.86,   343.21,   481.13
  849.29,   342.73,   606.08
  845.72,   342.25,   731.03
  853.18,   468.21,   481.62
  849.61,   467.73,   606.57
  846.04,   467.25,   731.52
  853.50,   593.21,   482.11
  849.94,   592.73,   607.06
  846.37,   592.25,   732.01
  607.31,   343.44,   604.21
  605.01,   342.86,   729.18
  602.71,   342.28,   854.16
  604.24,   468.40,   604.73
  601.94,   467.82,   729.71
  599.64,   467.24,   854.68
  601.18,   593.36,   605.25
  598.88,   592.78,   730.23
  596.57,   592.20,   855.21
  732.25,   346.50,   606.52
  729.95,   345.91,   731.50
  727.65,   345.33,   856.48
  729.18,   471.46,   607.05
  726.88,   470.88,   732.02
  724.58,   470.30,   857.00
  726.12,   596.42,   607.57
  723.82,   595.84,   732.55
  721.51,   595.26,   857.52
  857.19,   349.55,   608.84
  854.89,   348.97,   733.81
  852.59,   348.39,   858.79
  854.13,   474.51,   609.36
  851.82,   473.93,   734.34
  849.52,   473.35,   859.32
  851.06,   599.47,   609.89
  848.76,   598.89,   734.86
  846.46,   598.31,   859.84
  600.79,   478.09,   102.53
  599.25,   476.16,   227.51
  597.72,   474.23,   352.49
  603.00,   603.05,   104.49
  601.46,   601.13,   229.47
  599.93,   599.20,   354.44
  605.20,   728.02,   106.45
  603.67,   726.09,   231.42
  602.13,   724.16,   356.40
  725.76,   475.86,   104.04
  724.22,   473.93,   229.01
  722.69,   472.00,   353.99
  727.97,   600.82,   105.99
  726.43,   598.89,   230.97
  724.90,   596.97,   355.94
  730.18,   725.79,   107.95
  728.64,   723.86,   232.92
  727.10,   721.93,   357.90
  850.73,   473.63,   105.54
  849.20,   471.70,   230.51
  847.66,   469.77,   355.49
  852.94,   598.59,   107.49
  851.40,   596.66,   232.47
  849.87,   594.73,   357.44
  855.15,   723.56,   109.45
  853.61,   721.63,   234.42
  852.08,   719.70,   359.40
  588.40,   476.32,   222.06
  589.21,   477.68,   347.05
  590.03,   479.04,   472.04
  586.49,   601.30,   220.71
  587.31,   602.66,   345.70
  588.12,   604.02,   470.69
  584.59,   726.28,   219.36
  585.40,   727.64,   344.35
  586.22,   729.00,   469.34
  713.38,   478.22,   221.22
  714.20,   479.58,   346.21
  715.01,   480.94,   471.20
  711.48,   603.20,   219.87
  712.29,   604.56,   344.86
  713.11,   605.92,   469.85
  709.57,   728.17,   218.53
  710.39,   729.54,   343.52
  711.20,   730.90,   468.51
  838.37,   480.11,   220.39
  839.18,   481.48,   345.38
  839.99,   482.84,   470.37
  836.46,   605.09,   219.04
  837.27,   606.45,   344.03
  838.09,   607.81,   469.02
  834.55,   730.07,   217.69
  835.37,   731.43,   342.68
  836.18,   732.79,   467.67
  587.06,   483.18,   348.07
  586.83,   481.71,   473.06
  586.61,   480.25,   598.05
  589.39,   608.15,   349.54
  589.17,   606.68,   474.53
  588.95,   605.22,   599.52
  591.73,   733.12,   351.01
  591.51,   731.65,   476.00
  591.29,   730.19,   600.99
  712.03,   480.84,   348.27
  711.81,   479.37,   473.26
  711.59,   477.91,   598.25
  714.37,   605.81,   349.74
  714.15,   604.34,   474.73
  713.93,   602.88,   599.72
  716.71,   730.78,   351.20
  716.48,   729.31,   476.20
  716.26,   727.85,   601.19
  837.01,   478.50,   348.46
  836.79,   477.03,   473.45
  836.57,   475.57,   598.44
  839.35,   603.47,   349.93
  839.13,   602.00,   474.92
  838.90,   600.54,   599.91
  841.68,   728.44,   351.40
  841.46,   726.97,   476.39
  841.24,   725.51,   601.38
  597.44,   465.34,   471.51
  597.17,   469.74,   596.43
  596.89,   474.14,   721.35
  598.24,   590.26,   467.11
  597.96,   594.66,   592.03
  597.69,   599.06,   716.95
  599.04,   715.18,   462.71
  598.76,   719.58,   587.64
  598.49,   723.98,   712.56
  722.44,   464.55,   471.81
  722.16,   468.95,   596.73
  721.89,   473.35,   721.66
  723.24,   589.47,   467.42
  722.96,   593.87,   592.34
  722.68,   598.27,   717.26
  724.04,   714.39,   463.02
  723.76,   718.79,   587.94
  723.48,   723.19,   712.86
  847.44,   463.77,   472.12
  847.16,   468.16,   597.04
  846.88,   472.56,   721.96
  848.24,   588.69,   467.72
  847.96,   593.08,   592.64
  847.68,   597.48,   717.57
  849.03,   713.61,   463.32
  848.76,   718.00,   588.25
  848.48,   722.40,   713.17
  602.83,   471.97,   600.67
  600.46,   474.00,   725.63
  598.08,   476.03,   850.60
  604.14,   596.95,   598.67
  601.76,   598.98,   723.63
  599.39,   601.01,   848.59
  605.45,   721.93,   596.67
  603.07,   723.96,   721.63
  600.70,   725.98,   846.59
  727.80,   470.70,   603.07
  725.43,   472.73,   728.03
  723.05,   474.76,   852.99
  729.11,   595.68,   601.07
  726.74,   597.71,   726.03
  724.36,   599.74,   850.99
  730.42,   720.66,   599.06
  728.04,   722.69,   724.03
  725.67,   724.71,   848.99
  852.77,   469.43,   605.47
  850.40,   471.46,   730.43
  848.02,   473.49,   855.39
  854.08,   594.41,   603.46
  851.71,   596.44,   728.42
  849.33,   598.47,   853.38
  855.39,   719.39,   601.46
  853.01,   721.42,   726.42
  850.64,   723.44,   851.38
  607.65,   586.41,    97.58
  607.05,   587.52,   222.57
  606.45,   588.62,   347.56
  605.87,   711.40,    96.46
  605.27,   712.50,   221.46
  604.66,   713.61,   346.45
  604.08,   836.38,    95.35
  603.48,   837.48,   220.35
  602.88,   838.59,   345.34
  732.64,   588.21,    98.16
  732.04,   589.31,   223.16
  731.44,   590.42,   348.15
  730.85,   713.19,    97.05
  730.25,   714.29,   222.04
  729.65,   715.40,   347.04
  729.07,   838.17,    95.94
  728.46,   839.28,   220.93
  727.86,   840.38,   345.92
  857.62,   590.00,    98.75
  857.02,   591.10,   223.74
  856.42,   592.21,   348.73
  855.84,   714.98,    97.63
  855.24,   716.09,   222.63
  854.64,   717.19,   347.62
  854.05,   839.96,    96.52
  853.45,   841.07,   221.52
  852.85,   842.17,   346.51
  606.57,   598.04,   226.14
  605.86,   595.27,   351.11
  605.14,   592.51,   476.07
  603.66,   722.97,   228.89
  602.94,   720.21,   353.85
  602.23,   717.45,   478.82
  600.75,   847.91,   231.63
  600.03,   845.15,   356.60
  599.31,   842.38,   481.57
  731.54,   600.93,   226.92
  730.82,   598.17,   351.89
  730.10,   595.41,   476.86
  728.63,   725.87,   229.67
  727.91,   723.11,   354.64
  727.19,   720.34,   479.60
  725.71,   850.80,   232.41
  725.00,   848.04,   357.38
  724.28,   845.28,   482.35
  856.50,   603.83,   227.70
  855.78,   601.06,   352.67
  855.07,   598.30,   477.64
  853.59,   728.76,   230.45
  852.87,   726.00,   355.42
  852.15,   723.24,   480.39
  850.68,   853.70,   233.20
  849.96,   850.94,   358.16
  849.24,   848.17,   483.13
  612.26,   598.00,   354.63
  614.42,   597.06,   479.60
  616.57,   596.12,   604.58
  614.83,   722.97,   355.52
  616.98,   722.03,   480.50
  619.14,   721.09,   605.47
  617.40,   847.94,   356.41
  619.55,   847.00,   481.39
  621.70,   846.06,   606.37
  737.22,   595.45,   352.45
  739.37,   594.51,   477.43
  741.53,   593.57,   602.41
  739.78,   720.42,   353.35
  741.94,   719.48,   478.32
  744.09,   718.54,   603.30
  742.35,   845.39,   354.24
  744.51,   844.45,   479.22
  746.66,   843.51,   604.19
  862.17,   592.90,   350.28
  864.33,   591.96,   475.26
  866.48,   591.02,   600.24
  864.74,   717.87,   351.17
  866.89,   716.93,   476.15
  869.05,   715.99,   601.13
  867.31,   842.84,   352.06
  869.46,   841.90,   477.04
  871.61,   840.96,   602.02
  603.01,   611.63,   483.07
  601.84,   610.00,   608.06
  600.67,   608.37,   733.04
  605.92,   736.59,   484.73
  604.75,   734.95,   609.72
  603.58,   733.32,   734.70
  608.83,   861.54,   486.39
  607.66,   859.91,   611.37
  606.49,   858.28,   736.36
  727.97,   608.70,   484.21
  726.80,   607.07,   609.19
  725.63,   605.44,   734.17
  730.88,   733.66,   485.86
  729.71,   732.03,   610.85
  728.54,   730.40,   735.83
  733.79,   858.61,   487.52
  732.62,   856.98,   612.51
  731.45,   855.35,   737.49
  852.93,   605.78,   485.34
  851.76,   604.15,   610.32
  850.59,   602.51,   735.31
  855.84,   730.73,   487.00
  854.67,   729.10,   611.98
  853.50,   727.47,   736.96
  858.75,   855.69,   488.65
  857.58,   854.06,   613.64
  856.41,   852.42,   738.62
  598.85,   599.53,   599.37
  601.96,   599.37,   724.33
  605.07,   599.21,   849.29
  601.78,   724.50,   599.46
  604.89,   724.34,   724.42
  608.00,   724.17,   849.38
  604.70,   849.46,   599.55
  607.82,   849.30,   724.51
  610.93,   849.14,   849.47
  723.78,   596.61,   596.25
  726.89,   596.45,   721.21
  730.00,   596.28,   846.17
  726.70,   721.58,   596.34
  729.82,   721.41,   721.30
  732.93,   721.25,   846.26
  729.63,   846.54,   596.43
  732.74,   846.38,   721.39
  735.86,   846.22,   846.35
  848.70,   593.69,   593.14
  851.82,   593.52,   718.10
  854.93,   593.36,   843.06
  851.63,   718.65,   593.23
  854.74,   718.49,   718.19
  857.86,   718.33,   843.15
  854.56,   843.62,   593.31
  857.67,   843.45,   718.28
  860.78,   843.29,   843.24
