27, 8, output/d_all_outputs.txt
201.12,       191.98,       208.74
408.71,       401.41,       208.70
198.64, 215.27, 210.72
200.16, 211.37, 335.65
201.68, 207.48, 460.58
196.18, 340.18, 214.65
197.70, 336.29, 339.58
199.21, 332.39, 464.51
193.72, 465.10, 218.57
195.23, 461.20, 343.50
196.75, 457.31, 468.43
323.61, 217.78, 209.28
325.13, 213.88, 334.21
326.64, 209.99, 459.14
321.15, 342.69, 213.21
322.66, 338.80, 338.14
324.18, 334.90, 463.07
318.68, 467.61, 217.13
320.20, 463.71, 342.06
321.72, 459.82, 466.99
448.58, 220.29, 207.84
450.09, 216.39, 332.77
451.61, 212.50, 457.70
446.11, 345.20, 211.77
447.63, 341.31, 336.70
449.15, 337.41, 461.63
443.65, 470.12, 215.69
445.17, 466.22, 340.62
446.68, 462.33, 465.55
212.24, 207.29, 451.65
212.28, 203.98, 576.60
212.31, 200.67, 701.56
212.63, 332.25, 454.95
212.66, 328.94, 579.91
212.70, 325.63, 704.87
213.02, 457.20, 458.26
213.05, 453.89, 583.22
213.08, 450.58, 708.17
337.24, 206.90, 451.60
337.28, 203.60, 576.56
337.31, 200.29, 701.52
337.63, 331.86, 454.91
337.66, 328.55, 579.87
337.69, 325.24, 704.82
338.02, 456.82, 458.22
338.05, 453.51, 583.18
338.08, 450.20, 708.13
462.24, 206.52, 451.56
462.28, 203.21, 576.52
462.31, 199.90, 701.47
462.63, 331.47, 454.87
462.66, 328.17, 579.83
462.69, 324.86, 704.78
463.02, 456.43, 458.18
463.05, 453.12, 583.13
463.08, 449.81, 708.09
219.56, 457.39, 213.19
220.68, 457.87, 338.19
221.81, 458.35, 463.18
221.46, 582.37, 212.69
222.58, 582.86, 337.69
223.71, 583.34, 462.68
223.36, 707.36, 212.19
224.48, 707.84, 337.19
225.60, 708.32, 462.18
344.54, 455.49, 212.08
345.67, 455.97, 337.07
346.79, 456.45, 462.06
346.44, 580.47, 211.58
347.56, 580.95, 336.57
348.69, 581.44, 461.57
348.34, 705.46, 211.08
349.46, 705.94, 336.07
350.59, 706.42, 461.07
469.52, 453.58, 210.96
470.65, 454.07, 335.96
471.77, 454.55, 460.95
471.42, 578.57, 210.46
472.54, 579.05, 335.46
473.67, 579.53, 460.45
473.32, 703.55, 209.96
474.44, 704.03, 334.96
475.57, 704.52, 459.95
213.77, 447.93, 449.10
215.31, 449.39, 574.08
216.86, 450.85, 699.06
217.26, 572.87, 447.60
218.80, 574.33, 572.58
220.34, 575.79, 697.56
220.74, 697.81, 446.09
222.28, 699.27, 571.07
223.83, 700.73, 696.06
338.71, 444.42, 447.60
340.26, 445.88, 572.58
341.80, 447.35, 697.56
342.20, 569.37, 446.10
343.74, 570.83, 571.08
345.28, 572.29, 696.06
345.69, 694.31, 444.59
347.23, 695.77, 569.57
348.77, 697.23, 694.56
463.66, 440.92, 446.10
465.20, 442.38, 571.08
466.74, 443.84, 696.06
467.14, 565.86, 444.59
468.68, 567.32, 569.58
470.22, 568.78, 694.56
470.63, 690.80, 443.09
472.17, 692.27, 568.07
473.71, 693.73, 693.06
446.51, 214.57, 209.42
444.14, 215.18, 334.40
441.77, 215.79, 459.37
443.77, 339.54, 208.76
441.40, 340.15, 333.73
439.03, 340.76, 458.71
441.03, 464.51, 208.09
438.66, 465.12, 333.07
436.29, 465.73, 458.05
571.46, 217.32, 211.78
569.09, 217.93, 336.75
566.72, 218.54, 461.73
568.72, 342.29, 211.11
566.35, 342.90, 336.09
563.98, 343.51, 461.07
565.98, 467.26, 210.45
563.61, 467.87, 335.43
561.24, 468.48, 460.40
696.41, 220.07, 214.13
694.04, 220.68, 339.11
691.66, 221.30, 464.09
693.67, 345.04, 213.47
691.30, 345.65, 338.45
688.93, 346.26, 463.42
690.93, 470.01, 212.81
688.56, 470.62, 337.78
686.19, 471.23, 462.76
451.18, 213.54, 452.60
448.32, 215.64, 577.55
445.46, 217.74, 702.50
451.79, 338.53, 450.51
448.92, 340.63, 575.46
446.06, 342.73, 700.41
452.39, 463.51, 448.42
449.53, 465.61, 573.37
446.67, 467.71, 698.32
576.15, 212.99, 455.47
573.29, 215.09, 580.42
570.42, 217.19, 705.37
576.75, 337.97, 453.38
573.89, 340.07, 578.33
571.03, 342.17, 703.28
577.36, 462.95, 451.30
574.50, 465.05, 576.25
571.63, 467.15, 701.20
701.12, 212.43, 458.34
698.25, 214.53, 583.29
695.39, 216.63, 708.24
701.72, 337.41, 456.26
698.86, 339.51, 581.21
695.99, 341.61, 706.16
702.33, 462.39, 454.17
699.46, 464.49, 579.12
696.60, 466.59, 704.07
445.70, 434.36, 204.37
444.33, 437.93, 329.31
442.96, 441.49, 454.25
447.66, 559.30, 200.83
446.28, 562.86, 325.77
444.91, 566.43, 450.71
449.61, 684.23, 197.28
448.24, 687.80, 322.22
446.87, 691.36, 447.16
570.68, 432.45, 205.80
569.31, 436.01, 330.74
567.93, 439.58, 455.68
572.63, 557.38, 202.25
571.26, 560.95, 327.20
569.89, 564.51, 452.14
574.59, 682.32, 198.71
573.22, 685.88, 323.65
571.84, 689.45, 448.59
695.66, 430.53, 207.23
694.28, 434.10, 332.17
692.91, 437.66, 457.11
697.61, 555.47, 203.68
696.24, 559.03, 328.62
694.87, 562.60, 453.56
699.57, 680.40, 200.14
698.19, 683.97, 325.08
696.82, 687.53, 450.02
449.60, 454.66, 453.36
446.08, 454.97, 578.31
442.56, 455.29, 703.26
447.45, 579.64, 452.99
443.93, 579.95, 577.94
440.41, 580.27, 702.89
445.30, 704.62, 452.61
441.78, 704.94, 577.57
438.26, 705.25, 702.52
574.53, 456.82, 456.88
571.01, 457.13, 581.83
567.49, 457.44, 706.78
572.38, 581.80, 456.50
568.86, 582.11, 581.45
565.34, 582.42, 706.40
570.24, 706.78, 456.13
566.72, 707.09, 581.08
563.20, 707.41, 706.03
699.46, 458.97, 460.39
695.94, 459.29, 585.34
692.42, 459.60, 710.29
697.31, 583.96, 460.02
693.80, 584.27, 584.97
690.28, 584.58, 709.92
695.17, 708.94, 459.64
691.65, 709.25, 584.59
688.13, 709.56, 709.54
