27, 8, output/k_registration.txt
239.94, 206.43, 214.23
238.91, 206.64, 339.22
237.87, 206.86, 464.22
238.16, 331.42, 214.00
237.13, 331.63, 338.99
236.10, 331.85, 463.99
236.39, 456.40, 213.77
235.35, 456.62, 338.76
234.32, 456.83, 463.76
364.92, 208.21, 215.26
363.89, 208.42, 340.25
362.86, 208.64, 465.25
363.15, 333.19, 215.03
362.11, 333.41, 340.02
361.08, 333.62, 465.02
361.37, 458.18, 214.80
360.34, 458.40, 339.79
359.30, 458.61, 464.79
489.91, 209.99, 216.29
488.87, 210.20, 341.28
487.84, 210.42, 466.28
488.13, 334.97, 216.06
487.10, 335.19, 341.05
486.06, 335.40, 466.05
486.35, 459.96, 215.83
485.32, 460.18, 340.82
484.29, 460.39, 465.82
208.88, 219.14, 451.56
210.94, 220.31, 576.53
213.00, 221.49, 701.51
206.79, 344.12, 450.42
208.85, 345.29, 575.39
210.91, 346.47, 700.37
204.71, 469.10, 449.28
206.77, 470.27, 574.25
208.83, 471.44, 699.23
333.84, 221.21, 449.48
335.90, 222.38, 574.45
337.96, 223.55, 699.43
331.76, 346.18, 448.34
333.82, 347.36, 573.31
335.88, 348.53, 698.29
329.68, 471.16, 447.20
331.73, 472.33, 572.18
333.79, 473.51, 697.15
458.81, 223.27, 447.40
460.87, 224.44, 572.38
462.93, 225.62, 697.35
456.72, 348.25, 446.26
458.78, 349.42, 571.24
460.84, 350.60, 696.21
454.64, 473.22, 445.12
456.70, 474.40, 570.10
458.76, 475.57, 695.07
199.47, 474.35, 215.35
202.44, 475.87, 340.30
205.40, 477.39, 465.26
200.15, 599.34, 213.81
203.12, 600.86, 338.77
206.09, 602.38, 463.72
200.84, 724.33, 212.28
203.80, 725.85, 337.23
206.77, 727.37, 462.19
324.43, 473.63, 212.39
327.40, 475.15, 337.35
330.37, 476.67, 462.30
325.12, 598.62, 210.86
328.08, 600.14, 335.81
331.05, 601.66, 460.77
325.80, 723.61, 209.32
328.77, 725.13, 334.28
331.73, 726.65, 459.23
449.39, 472.91, 209.43
452.36, 474.43, 334.39
455.33, 475.95, 459.34
450.08, 597.90, 207.90
453.04, 599.42, 332.85
456.01, 600.94, 457.81
450.76, 722.89, 206.36
453.73, 724.41, 331.32
456.70, 725.93, 456.27
195.44, 461.06, 449.54
193.71, 457.88, 574.49
191.98, 454.71, 699.44
193.16, 586.00, 452.69
191.43, 582.82, 577.64
189.70, 579.65, 702.58
190.88, 710.94, 455.83
189.15, 707.76, 580.78
187.42, 704.58, 705.73
320.41, 463.29, 451.33
318.68, 460.12, 576.28
316.95, 456.94, 701.23
318.13, 588.23, 454.48
316.40, 585.06, 579.42
314.67, 581.88, 704.37
315.85, 713.17, 457.62
314.12, 710.00, 582.57
312.39, 706.82, 707.52
445.37, 465.53, 453.12
443.64, 462.35, 578.06
441.91, 459.17, 703.01
443.10, 590.47, 456.26
441.37, 587.29, 581.21
439.64, 584.11, 706.16
440.82, 715.41, 459.41
439.09, 712.23, 584.35
437.36, 709.05, 709.30
450.49, 215.99, 212.35
449.72, 215.58, 337.34
448.95, 215.18, 462.34
447.22, 340.94, 212.73
446.45, 340.54, 337.73
445.68, 340.14, 462.72
443.95, 465.90, 213.11
443.18, 465.50, 338.11
442.41, 465.10, 463.10
575.45, 219.26, 213.13
574.68, 218.85, 338.12
573.91, 218.45, 463.12
572.17, 344.21, 213.51
571.40, 343.81, 338.51
570.64, 343.41, 463.50
568.90, 469.17, 213.89
568.13, 468.77, 338.89
567.36, 468.37, 463.88
700.40, 222.53, 213.91
699.63, 222.12, 338.90
698.86, 221.72, 463.90
697.13, 347.48, 214.29
696.36, 347.08, 339.29
695.59, 346.68, 464.28
693.86, 472.44, 214.67
693.09, 472.04, 339.67
692.32, 471.63, 464.66
437.47, 193.43, 442.70
441.43, 191.54, 567.62
445.39, 189.64, 692.55
434.30, 318.38, 444.70
438.26, 316.48, 569.62
442.22, 314.59, 694.54
431.13, 443.32, 446.70
435.09, 441.43, 571.62
439.05, 439.53, 696.54
562.36, 196.66, 438.79
566.33, 194.77, 563.71
570.29, 192.87, 688.64
559.20, 321.61, 440.79
563.16, 319.71, 565.71
567.12, 317.81, 690.63
556.03, 446.55, 442.78
559.99, 444.65, 567.71
563.95, 442.76, 692.63
687.26, 199.89, 434.88
691.22, 198.00, 559.80
695.18, 196.10, 684.72
684.09, 324.84, 436.88
688.06, 322.94, 561.80
692.02, 321.04, 686.72
680.93, 449.78, 438.87
684.89, 447.88, 563.80
688.85, 445.99, 688.72
435.82, 446.04, 204.14
435.46, 444.74, 329.13
435.11, 443.43, 454.13
436.58, 571.03, 205.45
436.22, 569.73, 330.44
435.87, 568.42, 455.43
437.33, 696.02, 206.76
436.98, 694.72, 331.75
436.63, 693.41, 456.74
560.81, 445.28, 204.48
560.46, 443.97, 329.48
560.11, 442.67, 454.47
561.57, 570.27, 205.79
561.22, 568.96, 330.79
560.87, 567.66, 455.78
562.33, 695.26, 207.10
561.98, 693.96, 332.09
561.63, 692.65, 457.09
685.81, 444.52, 204.83
685.46, 443.21, 329.82
685.11, 441.91, 454.81
686.57, 569.51, 206.14
686.22, 568.20, 331.13
685.86, 566.90, 456.12
687.33, 694.50, 207.45
686.98, 693.19, 332.44
686.62, 691.89, 457.43
476.36, 427.39, 454.68
475.31, 432.74, 579.56
474.26, 438.09, 704.44
475.35, 552.27, 449.32
474.30, 557.62, 574.20
473.25, 562.97, 699.08
474.35, 677.15, 443.95
473.30, 682.50, 568.84
472.25, 687.85, 693.72
601.35, 428.43, 455.68
600.30, 433.79, 580.56
599.25, 439.14, 705.44
600.34, 553.31, 450.32
599.29, 558.67, 575.20
598.25, 564.02, 700.08
599.34, 678.20, 444.96
598.29, 683.55, 569.84
597.24, 688.90, 694.72
726.34, 429.48, 456.69
725.29, 434.83, 581.57
724.24, 440.19, 706.45
725.34, 554.36, 451.33
724.29, 559.71, 576.21
723.24, 565.07, 701.09
724.33, 679.24, 445.97
723.28, 684.60, 570.85
722.23, 689.95, 695.73
